sent_id	phrase_text	word_n	character_n
651	刚才+	1	2
651	秘书处+	1	3
651	已+	1	1
651	分钟+五+后+	3	4
651	复会+	1	2
652	现在+	1	2
652	时间+	1	2
652	已+	1	1
652	了+	1	1
652	分钟+五+	2	3
653	我+	1	1
653	想+	1	1
653	大家+跟+	2	3
653	分为+今天+的+会议+两+部分+	6	10
654	部分+第一+	2	4
654	是+	1	1
654	完成+刚才+大家+已+的+	5	8
655	而+	1	1
655	部分+第二+	2	4
655	选举+立法会+主席+	3	7
656	我+	1	1
656	有+同事+对+主席+候选人+的+国籍+问题+有+些+意见+	11	18
657	候选人+	1	3
657	作出+就+某些+方面+澄清+	5	9
658	没有+由于+今天+的+会议+并+任何+程序+容许+我们+在+会议厅+内+进行+澄清+提问+辩论+或+谘询+等+	20	35
658	因此+	1	2
658	我们+	1	2
658	可以+不+	2	3
658	会议厅+在+内+	3	5
658	工作+这些+	2	4
659	不过+	1	2
659	让+为+一些+关注+此+事+的+议员+能+获+澄清+	11	15
659	我+	1	1
659	交代+梁君彦+议员+稍后+到+会议厅+外+向+新闻+传媒+他+的+国籍+问题+	14	25
660	而+	1	1
660	议员+关注+此+事+的+	5	7
660	亦+	1	1
660	可+	1	1
660	聆听+他+的+阐述+以及+可以+向+他+提问+	9	14
661	会议厅+在+内+	3	5
661	规则+根据+议事+	3	6
661	我+	1	1
661	不+	1	1
661	能+	1	1
661	大家+	1	2
661	提问+或+作出+任何+讨论+	5	9
662	我+	1	1
662	现在+	1	2
662	议员+关注+此+事+的+	5	7
662	听取+到+会议厅+外+梁君彦+议员+的+交代+	8	15
663	我+	1	1
663	恢复+会议+将+在+下午+二+时+三十+分+正式+	10	15
664	发言+我+的+	3	4
664	到此+	1	2
665	现在+	1	2
665	会议+	1	2
666	现在+	1	2
666	时+二+三十五+分+	4	6
666	迟+较+我+原先+宣布+二+时+三十+分+恢复+会议+的+时间+了+五+分钟+	16	23
667	我+	1	1
667	想+不+	2	2
667	再+	1	1
668	现在+	1	2
668	复会+正式+	2	4
669	恢复+会议+现+已+	4	6
669	我+	1	1
669	返回+所有+同事+自己+的+座位+	6	11
670	我们+	1	2
670	进行+今天+可以+有+秩序+地+选举+主席+的+程式+	10	17
671	我+	1	1
671	现在+	1	2
671	再+	1	1
671	同事+所有+	2	4
671	返回+自己+的+座位+	4	7
672	议员+想+提出+规程+问题+	5	9
673	但+	1	1
673	同事+其他+	2	4
673	返回+先行+座位+	3	6
673	让+帮+我+做+一些+文书+工作+	7	10
673	秘书+	1	2
674	否则+	1	2
674	没有+秘书+帮忙+	3	6
674	处理+上+	2	3
674	会+	1	1
674	比较+	1	2
675	我+	1	1
675	返回+其他+议员+先+座位+	5	9
675	让+我们+可以+进行+会议+	5	9
676	有+如果+大家+任何+规程+问题+	6	11
676	可以+	1	2
677	我+	1	1
677	会+	1	1
677	大家+	1	2
677	时间+	1	2
678	主席+	1	2
678	我+	1	1
678	想+	1	1
678	处理+秘书处+有+否+梁君彦+议员+的+国籍+问题+	9	17
679	他+	1	1
680	刚才+	1	2
680	我+	1	1
680	过+	1	1
680	范畴+有关+梁君彦+议员+的+国籍+问题+不+是+今天+会议+的+讨论+	13	23
681	的+	1	1
682	让+先+我+说+	4	4
682	可以+吗+	2	3
683	我+	1	1
683	刚才+	1	2
683	已经+	1	2
683	过+	1	1
683	安排+为了+让+大家+进一步+了解+有关+梁君彦+议员+的+国籍+问题+或+要求+他+澄清+我+已+作出+特别+时间+让+梁+议员+在+会议厅+外+向+传媒+作出+交代+和+澄清+	33	57
684	出席+如果+各位+刚才+有+	5	9
684	便+	1	1
684	应该+	1	2
684	如何+情况+	2	4
685	不过+	1	2
685	澄清+无论+当事人+如何+及+解释+	6	12
685	会议+在+这个+上+	4	6
685	我+	1	1
685	不+	1	1
685	能+	1	1
685	令+大家+满意+	3	5
686	主持人+作为+会议+	3	7
686	我+	1	1
686	只+	1	1
686	能+	1	1
686	规则+根据+会议+	3	6
686	程序+	1	2
687	确保+如果+议员+想+他+的+问题+得到+满意+的+答复+	11	18
687	可以+	1	2
687	场合+在+其他+	3	5
688	会议+今天+的+中+	4	6
688	则+	1	1
688	办法+处理+这个+问题+	4	8
689	想+我+现在+	3	4
689	有+刚才+哪些+议员+曾+举手+想+提出+规程+问题+	10	17
690	我+	1	1
690	到+不+	2	2
691	秘书+	1	2
691	帮忙+把+曾+举手+表示+想+提出+规程+问题+的+议员+名单+交+给+我+	15	23
692	因为+	1	2
692	我+	1	1
692	到+不+	2	2
693	今天+	1	2
693	我+	1	1
693	想+不+	2	2
693	大家+跟+	2	3
693	问题+其他+	2	4
693	没有+因为+我+权力+这样+做+	6	10
694	我+	1	1
694	只是+	1	2
694	规则+会议+	2	4
695	其实+	1	2
695	我+	1	1
695	也+	1	1
695	不+	1	1
695	主持+很+想+这+会议+	5	7
696	不过+	1	2
696	规定+根据+议事+规则+附表+一+第六+及+七+段+的+	11	17
696	我+由+担任+议员+时间+最+长+的+	8	11
696	主持+会议+	2	4
697	规则+根据+会议+	3	6
697	我+	1	1
697	现在+	1	2
697	只+	1	1
697	能+	1	1
697	过程+投票+的+	3	5
698	事情+其他+	2	4
698	我+	1	1
698	无法+	1	2
699	处理+如果+我+的话+	4	7
699	便+	1	1
699	规则+会议+	2	4
700	合法+不+的+	3	4
701	要+大家+如果+我+表明+这+个+会议+究竟+是+否+合法+	12	18
701	能够+我+只+	3	4
701	合法+根据+会议+规则+这+个+会议+是+的+	9	14
702	提出+议员+如果+想+规程+问题+	6	11
702	我+	1	1
702	再+	1	1
702	大家+	1	2
702	返回+先+自己+的+座位+	5	8
703	我+	1	1
703	会+	1	1
703	大家+	1	2
703	发言+	1	2
704	离开+我们+不+	3	5
704	又+	1	1
704	呢+	1	1
705	返回+如果+议员+真的+不+座位+	6	11
705	也+	1	1
705	不+	1	1
706	但+	1	1
706	请+不要+作出+骚扰+	4	7
706	以便+	1	2
706	会议+	1	2
706	可+	1	1
706	进行+	1	2
707	名单+根据+秘书+给+我+的+	6	9
707	议员+第一+位+提出+规程+问题+的+	7	12
707	是+	1	1
707	议员+	1	2
708	规则+根据+议事+	3	6
708	规程+今天+的+	3	5
708	只+	1	1
708	能够+	1	2
708	过程+选举+	2	4
709	有+如果+其他+问题+	4	7
709	议员+	1	2
709	提出+在+其他+场合+	4	7
710	现在+	1	2
710	毛孟静+议员+	2	5
710	提问+	1	2
711	主席+	1	2
712	我+	1	1
712	不+	1	1
712	为难+故意+要+你+或+什么+	6	9
713	还+	1	1
713	要+	1	1
713	安排+你+试图+我们+到+会议厅+外+聆听+梁君彦+议员+的+解释+	12	22
714	我们+	1	2
714	已+	1	1
714	罢+他+的+解释+	4	5
715	他+	1	1
715	是+第一+封+信+关乎+其+国籍+或+外国+居留权+的+问题+	12	19
716	信+中+	2	2
716	enclosed+已+附上+放弃+国籍+的+声明+	7	18
717	但+	1	1
717	copy+相关+的+	3	7
717	却+	1	1
717	并不+	1	2
718	原来+	1	2
718	那+	1	1
718	是+	1	1
718	一+封+	2	2
719	信+第二+封+	3	4
719	才+	1	1
719	是+	1	1
720	但+	1	1
720	他+	1	1
720	暂时+	1	2
720	仍+	1	1
720	未+	1	1
720	到+	1	1
721	我+	1	1
721	想+	1	1
721	此+就+	2	2
721	问题+规程+	2	4
722	因为+	1	2
722	基本法+	1	3
722	已+	1	1
722	无+立法会+主席+必须+在+外国+居留权+	7	14
723	是+而+即使+两+封+信+都+由+政府+发出+	10	13
723	但+	1	1
723	却+	1	1
723	不+	1	1
723	一定+	1	2
723	是+	1	1
723	法律+	1	2
724	看+我们+最+主要+想+的+	6	8
724	是+	1	1
724	那+份+	2	2
724	国籍+放弃+	2	4
724	Declaration_of_Renunciation_of_British_Citizenship+	1	50
725	而+	1	1
725	我+本人+	2	3
725	也+	1	1
725	份+一+	2	2
726	我们+	1	2
726	否+	1	1
726	待+应+他+收+到+有关+文件+	7	9
727	确认+所有+事情+皆+被+正式+后+	7	11
727	才+	1	1
727	程序+选举+	2	4
727	呢+	1	1
728	的+	1	1
728	谢谢+毛孟静+议员+	3	7
728	你+	1	1
729	我+	1	1
729	刚才+	1	2
729	过+	1	1
729	涉及+你+的+提问+只+能够+选举+过程+或+与+选举+有关+的+事情+	14	22
730	但+	1	1
730	你+	1	1
730	却+	1	1
730	澄清+梁君彦+议员+的+国籍+问题+	6	12
731	我+	1	1
731	刚才+	1	2
731	已+	1	1
731	安排+特别+	2	4
731	让+梁君彦+议员+向+大家+和+社会+大众+作出+澄清+及+交代+	12	21
732	回应+至于+他+的+答复+能+否+你+刚才+的+提问+	11	16
732	我+	1	1
732	并不+	1	2
732	能够+	1	2
732	意见+任何+	2	4
733	不过+	1	2
733	我+	1	1
733	想+	1	1
733	大家+对+	2	3
733	决定+鉴于+梁君彦+议员+已经+一而再再而三+地+提供+资料+并+在+公开+场合+作出+澄清+议员+大+可+自行+稍后+会+否+投票+支持+他+	25	47
734	认为+如果+大家+梁君彦+议员+的+答复+未+能+回应+大家+的+提问+	13	23
734	大家+	1	2
734	可以+	1	2
734	寻求+	1	2
735	那么+	1	2
735	梁天琦+	1	3
735	也+	1	1
735	应该+不+	2	3
735	被+	1	1
735	对+吗+	2	2
736	知道+我+也+不+梁君彦+议员+究竟+是+否+真的+有+合法+权利+参选+	14	23
736	但+	1	1
736	梁耀忠+议员+	2	5
736	却+	1	1
736	我们+	1	2
736	考虑+自行+是+否+投票+给+他+	7	10
736	吗+	1	1
737	你+	1	1
737	否+	1	1
737	要求+也+可+选民+自行+决定+是+否+投票+给+梁天琦+	11	18
738	由于+	1	2
738	选举+立法会+主席+的+	4	8
738	须+	1	1
738	程序+按照+议事+规则+附表+一+所+订+的+	9	14
739	而+	1	1
739	条文+有关+的+	3	5
739	容许+议员+	2	4
739	进行+在+选举+主席+的+会议+上+就+候选人+的+事宜+讨论+	12	20
739	的+	1	1
740	事实上+	1	3
740	讨论+有关+的+	3	5
740	亦+	1	1
740	已+	1	1
740	论坛+昨天+特别+安排+的+上+	6	10
741	主席+	1	2
741	我+	1	1
741	不+	1	1
741	要求+讨论+	2	4
742	要求+我+的+	3	4
742	是+	1	1
742	法律+上+的+	3	4
743	他+	1	1
743	一定+	1	2
743	要+	1	1
743	文件+一+份+放弃+英国+国籍+声明+的+正式+	9	15
744	而+	1	1
744	好+最+	2	2
744	当然+	1	2
744	是+	1	1
745	没有+如果+暂时+正本+	4	8
745	提供+但+向+我们+一+份+copy+	7	12
745	也+	1	1
746	不过+	1	2
746	现时+	1	2
746	已经+	1	2
746	得+	1	1
746	清楚+很+	2	3
747	便+	1	1
747	收到+按照+我+的+理解+他+仍未+相关+文件+	9	15
748	进行+我们+怎+可以+在+这里+选举+的+程序+	9	15
748	呢+	1	1
749	了解+据+我+	3	4
749	基本法+	1	3
749	拥有+立法会+主席+不+能够+任何+其他+国家+的+居留权+	10	20
750	方面+这+	2	3
750	已+	1	1
750	清楚+	1	2
750	提及+但+并+没有+候选人+	5	9
751	我+	1	1
751	今天+	1	2
751	不+	1	1
751	辩论+要+与+大家+这个+问题+	6	10
751	透过+但+如果+大家+想+澄清+的话+便+应该+其他+途径+	11	19
752	因为+	1	2
752	我+	1	1
752	既+	1	1
752	非+	1	1
752	具有+法律+背景+的+	4	7
753	而+	1	1
753	身份+我+这+个+主席+的+	6	8
753	也+	1	1
753	能够+不+	2	3
753	回答+任何+	2	4
754	我+	1	1
754	只+	1	1
755	不好意思+	1	4
755	我+	1	1
755	不+	1	1
755	为难+特别+要+你+	4	6
755	觉得+亦+这样+插言+不+礼貌+	6	10
756	不+	1	1
757	但+	1	1
757	说法+按照+你+刚才+的+	5	8
757	主席+作为+立法会+	3	7
757	便+	1	1
757	不+	1	1
757	能够+	1	2
757	居留权+外国+	2	5
758	但是+	1	2
758	进行+如果+要+选举+的话+	5	9
758	人+将+于+稍后+半+小时+或+十+分钟+后+便会+当选+主席+	13	19
759	但+	1	1
759	他+	1	1
759	却+	1	1
759	未+	1	1
759	能+	1	1
759	今天+在+内+	3	4
759	我们+向+	2	3
759	声明+刚才+所+说+的+放弃+国籍+正式+	8	13
760	你+	1	1
760	得+	1	1
760	对+	1	1
762	就+	1	1
762	成为+一旦+他+当选+发觉+条件+不+符合+规定+他+便+不+应该+主席+	14	23
763	这+	1	1
763	是+	1	1
763	的+	1	1
764	不过+	1	2
764	问题+	1	2
764	建议+我+不+能够+他+接着+该+怎样+做+	9	13
764	没有+因为+我+这+个+身份+	6	9
765	我+	1	1
765	只+	1	1
765	能够+	1	2
766	主席+	1	2
766	那么+	1	2
766	你+	1	1
766	这里+在+做+什么+	4	6
767	你+	1	1
767	得+	1	1
767	对+	1	1
768	我+	1	1
768	也+	1	1
768	想+	1	1
768	做+我+坐+在+这里+什么+	6	8
769	规则+根据+议事+	3	6
769	我+	1	1
769	只是+	1	2
769	事+两+件+	3	3
770	第一+	1	2
770	投票+主席+选举+的+	4	7
771	第二+	1	2
771	当选+哪+位+候选人+	4	7
772	我+	1	1
772	只是+	1	2
772	事+这+两+件+	4	4
773	而+	1	1
773	不+	1	1
773	应该+	1	2
773	事+其他+	2	3
774	最后+	1	2
774	规程+一+个+	3	4
775	抗争+为了+	2	4
775	表示+为+我+不+同意+现时+的+程序+	8	12
775	我+	1	1
775	现在+	1	2
775	也+	1	1
775	出来+	1	2
775	站+在+你+后面+不+会+离开+	7	9
776	呼吁+即使+你+我+离开+	5	8
776	我+	1	1
776	亦+	1	1
776	不+	1	1
776	会+	1	1
777	大家+	1	2
777	否+	1	1
777	继续+要+一直+这样+下去+	5	9
777	呢+	1	1
778	影响+如果+你+不+大家+的+投票+程序+	8	13
778	我+	1	1
778	阻止+不+会+你+	4	5
778	的+	1	1
779	不过+	1	2
779	投票+在+前+	3	4
779	你+	1	1
779	首先+	1	2
779	需要+	1	2
779	议员+三+位+	3	4
779	投票权+我+梁颂恒+和+姚松炎+的+	6	12
780	其实+	1	2
780	我+	1	1
780	也+	1	1
780	无+权+	2	2
780	是+你们+否+有+权+投票+	6	8
781	我+	1	1
781	只+	1	1
781	能够+	1	2
781	名单+秘书+给+我+的+包括+候选人+和+有+资格+投票+的+议员+	13	21
782	其实+	1	2
782	你+	1	1
782	应该+	1	2
782	秘书处+向+	2	4
782	是+而+不+向+我+提出+	6	7
782	代表+因为+我+无+权+秘书处+说话+	7	12
783	提出+如果+你+要+	4	6
783	可以+	1	2
783	秘书处+向+	2	4
784	议员+第二+位+想+提出+规程+问题+的+	8	13
784	是+	1	1
784	议员+	1	2
785	主席+	1	2
785	我+	1	1
785	想想+你+清醒+地+	4	6
785	是+我们+今天+否+	4	6
786	清醒+我+与+否+	4	5
786	不+	1	1
786	判断+由+你+	3	4
786	的+	1	1
787	我们+	1	2
787	否+	1	1
787	继续+应该+进行+会议+并+选举+主席+	7	13
788	毛孟静+议员+和+多+位+非+建制+派+议员+	9	14
788	刚才+	1	2
788	过+	1	1
788	信纳+我们+不+梁君彦+议员+已经+完全+放弃+英籍+或+放弃+英国+的+居留权+	14	27
789	情况+在+这+种+下+	5	6
789	要+我们+选举+主席+	4	7
789	并+	1	1
789	不+	1	1
790	这+	1	1
790	是+	1	1
790	第一+	1	2
791	第二+	1	2
791	议员+站+在+你+身后+的+数+位+	8	10
791	刚才+	1	2
791	宣誓+在+时+	3	4
791	障碍+一些+	2	4
792	由于+	1	2
792	秘书长+负责+监誓+的+	4	8
792	没有+	1	2
792	宣誓+他们+的+	3	5
793	并+	1	1
793	投票+他们+在+稍后+举行+的+主席+选举+中+不+可以+	11	18
794	但是+	1	2
794	议员+多+位+	3	4
794	采用+他们+所+采用+的+宣誓+方式+历+届+立法会+议员+也+曾+类似+方式+却+没有+问题+	18	30
795	这+	1	1
795	出现+宣誓+过程+问题+	4	8
796	令+数+位+议员+稍后+无法+进行+投票+	8	13
796	选举+这+个+	3	4
796	便+	1	1
796	会+不+	2	2
796	是+	1	1
796	公平+及+符合+程序+公义+的+	6	10
797	我+	1	1
797	想+	1	1
797	你+	1	1
797	决定+面对+那么+多+程序+公义+问题+应+否+继续+进行+会议+选+出+一+位+没有+任何+代表性+的+立法会+主席+	22	38
798	担任+主席+你+代理+主席+	5	9
798	亦+	1	1
798	不+	1	1
799	但是+	1	2
799	支持+我+你+执行+议事+规则+包括+维持+议会+的+秩序+	11	19
799	完成+我们+选举+主席+的+程序+能够+顺利+	8	15
800	因为+	1	2
800	这+	1	1
800	是+	1	1
800	宪制+	1	2
800	事情+亦+是+全+港+市民+正在+看+着+我们+做+的+	12	16
801	此外+	1	2
801	我+	1	1
801	想+	1	1
801	你+	1	1
801	了解+也+一下+议事+规则+	5	9
802	议员+没有+合理+理由+而+在+你+身后+及+旁边+站+着+	12	18
803	我+	1	1
803	涉嫌+这些+议员+已+违反+议事+规则+	7	13
804	考虑+你+请+这些+议员+返回+座位+	7	12
805	返回+如果+他们+经过+多次+劝谕+仍+不+座位+	9	16
805	我+	1	1
805	执行+你+应+议事+规则+以+维持+议会+的+秩序+	10	16
806	这+	1	1
806	是+	1	1
806	第一+	1	2
807	点+第二+	2	3
807	是+	1	1
807	关于+	1	2
807	议员+的+	2	3
808	我+	1	1
808	判断+你+的+便+是+秘书长+已+按照+法例+依法+为+我们+监誓+	13	21
809	我+	1	1
809	亦+	1	1
809	有+数+位+议员+没有+依照+誓词+的+内容+完成+宣誓+	11	18
810	因此+	1	2
810	过程+在+选举+主席+的+中+	6	9
810	不+	1	1
810	能+	1	1
810	表决+	1	2
811	我+	1	1
811	明白+这+情况+所有+议员+都+	6	10
812	完成+由于+未+能+宣誓+	5	8
812	因此+	1	2
812	不+	1	1
812	能+	1	1
812	选举+	1	2
813	而+	1	1
813	秘书长+	1	3
813	亦+	1	1
813	议员+对+所有+他+怀疑+未+能+完成+宣誓+	9	14
813	机会+多+一+次+宣誓+的+	6	8
814	我+	1	1
814	兼顾+这+做法+已经+到+人情+上+的+考虑+	9	14
815	点+第三+	2	3
815	质疑+至于+大家+梁君彦+议员+的+国籍+问题+	8	16
815	我+	1	1
815	早+	1	1
815	已+	1	1
815	很+	1	1
815	事+此+	2	2
815	请+并+多+次+梁+议员+澄清+要求+他+确认+	10	14
816	而+	1	1
816	他+	1	1
816	已+	1	1
816	多次+	1	2
816	确定+地+	2	3
816	处理+事情+已经+好+	4	7
817	及后+	1	2
817	亦+	1	1
817	已+	1	1
817	信+英国+领事馆+发出+的+两+封+	7	11
817	参阅+供+大家+	3	5
818	当然+	1	2
818	议员+	1	2
818	可以+	1	2
818	梁+议员+	2	3
818	提供+一+份+证书+	4	6
819	我+	1	1
819	理解+这+点+	3	4
819	的+	1	1
820	但+	1	1
820	看+我+过+那+两+封+信+后+	8	8
820	最低限度+	1	4
820	没有+到+此刻+其他+新+证据+指+梁+议员+的+英籍+问题+并+未+处理+	15	23
821	既然+	1	2
821	定+已+了+今+天+选举+主席+	7	9
821	我+	1	1
821	完成+我们+应+按照+所+订定+的+时间+安排+顺利+选举+主席+	12	21
822	一样+正如+其他+选举+	4	8
822	人+可能+会+质疑+不同+候选人+的+某些+声明+有误+	10	18
823	大家+	1	2
823	日后+	1	2
823	可以+	1	2
823	方式+透过+不同+	3	6
823	包括+司法+覆核+或+其他+法律+程序+	7	13
824	议员+作为+	2	4
824	我们+	1	2
824	都+	1	1
824	很+	1	1
825	我+	1	1
825	主持+梁耀忠+议员+可以+公平+公正+地+会议+确保+我们+能够+顺利+选+出+主席+	15	28
826	主席+	1	2
826	我+	1	1
826	到+	1	1
826	提+有些+同事+就+两+位+候选人+的+其中+一+人+的+资格+出+了+意见+或+质疑+	18	26
827	但+	1	1
827	我+	1	1
827	阻碍+在+这+个+会议厅+内+虽然+不同+政治+立场+的+议员+对+此+事+抱持+不同+的+态度+但+亦+不+能+因此+而+今+天+既定+的+议程+	30	44
828	完成+由+我们+宣誓+	4	7
828	至今+	1	2
828	我+	1	1
828	浪费+已+了+两+小时+	5	7
829	而+	1	1
829	工作+阁下+的+	3	5
829	亦+	1	1
829	只是+	1	2
829	选举+今+天+这+项+主席+	6	8
829	希望+所以+我+你+不要+再+浪费+时间+直接+进入+立法会+主席+选举+的+程序+	15	27
831	主席+	1	2
831	毛孟静+议员+	2	5
831	刚才+	1	2
831	观点+到+一+个+就+是+按照+最+严谨+最+谨慎+合理+的+做法+	14	20
832	看+在+我们+到+正式+文件+前+	7	10
832	实+	1	1
832	难以+	1	2
832	副本+单凭+一+封+电邮+或+相关+文件+的+	9	14
832	确认+	1	2
832	相信+即使+我们+他+	4	7
833	我+	1	1
833	重大+今+次+选举+主席+后果+十分+足以+带来+宪制+危机+	11	20
834	我们+	1	2
834	否+	1	1
834	处理+必须+如此+草率+仓促+地+	6	11
835	点+另+一+	3	3
835	问题+刚才+也+有+同事+提+到+就+英国+国籍法+所+订+有关+取消+国籍+和+居留权+的+上+	19	30
835	我+	1	1
835	有+当中+仍+争议+	4	6
836	而+	1	1
836	我们+	1	2
836	似乎+	1	2
836	未+	1	1
836	有+	1	1
836	充分+	1	2
836	意见+法律+	2	4
837	情况+在+此+下+	4	5
837	问题+就+基本法+第七十一+条+所+指+的+外国+居留权+	10	19
837	我+	1	1
837	是+在+未+澄清+之前+否+	6	8
837	选举+必须+在+这+一+刻+立法会+主席+	8	13
838	刚才+	1	2
838	问题+规程+	2	4
839	你+	1	1
839	是+你+的+责任+主持+会议+以及+在+得+出+结果+后+作+出+宣布+	15	21
840	其实+	1	2
840	事情+一+件+是+否+也+属于+你+的+权力+范围+	11	15
840	是+就+中止+整个+会议+	5	8
841	面对+这些+法律+观点+或+风险+	6	11
841	你+	1	1
841	是+今天+否+不+适宜+就+选举+立法会+主席+作+出+决定+	12	19
842	主席+	1	2
843	我+	1	1
843	是+	1	1
843	次+第一+	2	3
843	会议+立法会+	2	5
844	言+正如+李慧琼+议员+所+	5	9
844	人+很多+香港+	3	5
844	正在+	1	2
844	关注+和+这+次+会议+	5	7
845	如此+正+因+	3	4
845	我们+	1	2
845	自己+对+	2	3
845	应+	1	1
845	要求+更+高+的+	4	5
846	刚才+	1	2
846	问题+我+留意+到+最大+的+	6	9
846	是+	1	1
847	我+	1	1
847	仍+	1	1
847	是+	1	1
847	一+名+	2	2
848	但+	1	1
848	程度+这+次+选举+的+严谨+	6	9
848	选举+比+大学+学生会+	4	8
848	更+	1	1
849	可能+怎+	2	3
849	确定+在+尚+未+候选人+的+国籍+	7	11
849	便+	1	1
849	程式+整个+	2	4
850	他+	1	1
850	现在+	1	2
850	只+	1	1
850	表示+口头+	2	4
851	有+虽然+人+指+那些+信件+可+证实+其+事+	10	14
851	但+	1	1
851	都+	1	1
851	不过+	1	2
851	是+	1	1
851	口头上+的+	2	4
852	负责+倘若+秘书处+和+主席+对+整个+选举+或+觉得+整个+立法会+要+取信于民+重新+取得+市民+的+信任+	19	37
852	将+	1	1
852	每+个+	2	2
852	得+便+更+要+程式+更+严谨+	7	9
852	非+而+按+章+工作+即+秘书处+说+不+需要+查+便+不+查+	14	18
853	要求+提供+一+份+书面+和+具有+法律+效力+的+文件+	11	18
853	本应+	1	2
853	很+	1	1
854	参加+即使+我+学生会+选举+	5	10
854	亦+	1	1
854	需+	1	1
854	学生证+	1	3
854	证明+我+是+大学+的+学生+	6	9
855	主席+	1	2
855	完成+如果+连+如此+简单+的+程序+也+不+能+	10	15
855	立法会+整个+	2	5
855	不+	1	1
855	可能+	1	2
856	这+	1	1
856	是+	1	1
856	第一+个+	2	3
857	问题+第二+个+	3	5
857	我们+	1	2
857	现在+	1	2
857	尚+	1	1
857	未+	1	1
857	清楚+	1	2
857	投票+多少+议员+能够+	4	8
858	精神+议事+规则+最+基本+的+	6	10
858	确保+每+位+议员+有+充足+机会+完成+宣誓+程序+	10	17
859	而+	1	1
859	秘书长+	1	3
859	能+不+	2	2
859	质疑+基于+完全+没有+法律+理据+的+无理+	8	15
859	判断+凭+其+个人+	4	6
859	议员+向+其他+	3	5
859	没有+他+能力+主持+监誓+	5	9
860	我+	1	1
860	是+这+完全+违反+了+议事+规则+应+有+的+精神+	11	16
861	即+	1	1
861	让+所有+议员+能够+成功+完成+宣誓+程式+	8	15
861	然后+	1	2
861	才+	1	1
861	选举+立法会+主席+	3	7
862	所以+	1	2
862	决定+秘书长+陈维安+刚才+的+或+判断+	7	14
862	完全+	1	2
862	是+	1	1
862	判断+是+完全+没有+任何+基础+的+	7	12
863	翻看+如果+大家+刚才+录影+片段+	6	12
863	其实+	1	2
863	议员+三+位+	3	4
863	已+	1	1
863	完整+	1	2
863	完+	1	1
863	誓词+	1	2
864	而+	1	1
864	规则+议事+	2	4
864	只+	1	1
864	读+议员+要+完整+出+誓词+	6	9
865	所以+	1	2
865	秘书长+	1	3
865	能+不+	2	2
865	语气+以+或+其他+条件+	5	8
865	为+	1	1
865	判断+他+无权+监誓+	4	7
866	我+	1	1
866	明白+主席+大家+面前+有+两+大+问题+	8	13
867	处理+如果+我们+不+先+这些+问题+然后+才+进行+主席+选举+	12	21
867	立法会+	1	3
867	便+	1	1
867	难以+	1	2
868	我+	1	1
868	信纳+很多+议员+包括+众多+有+广大+民意+基础+支持+的+直选+议员+都+不+能+这+次+选举+结果+	20	33
869	主席+	1	2
869	今天+	1	2
869	我们+	1	2
869	人+向+香港+	3	4
869	程序+一+个+粗疏+得+不+能+再+粗疏+的+	10	13
870	议员+梁君彦+	2	5
870	连+	1	1
870	正本+	1	2
870	都+	1	1
870	出来+不+	2	3
870	证明+自己+的+国籍+	4	7
871	只+	1	1
871	文件+一+份+副本+不+像+副本+的+	8	11
872	糟糕+最+的+	3	4
872	厘清+他+连+居留权+都+未+能+	7	10
873	进入+如果+我们+今+天+在+一+种+如此+粗疏+的+情况+下+选举+立法会+的+程序+	17	27
873	主席+	1	2
873	就+	1	1
873	让+梁君彦+议员+过+了+海+便+是+神仙+	9	13
874	他+	1	1
874	当然+	1	2
875	我+	1	1
875	具体+大家+刚才+问+的+问题+都+很+	8	12
876	资格+候选人+的+	3	6
876	投票+以至+哪些+议员+合+资格+	6	11
876	我们+	1	2
876	都+	1	1
876	未+	1	1
876	能+	1	1
877	进入+在+如此+混乱+粗疏+的+情况+下+选举+程序+	10	17
877	主席+	1	2
877	我+	1	1
877	大+你+背负+的+压力+会+很+	7	9
878	因此+	1	2
878	我+	1	1
878	聆听+主席+你+能够+耐心+议员+的+意见+然后+作出+裁决+	11	20
879	进行+如果+在+一+种+如此+不+能+服众+的+情况+下+立法会+主席+选举+	15	24
879	人+香港+	2	3
879	看+会+到+的+	4	4
880	主席+	1	2
881	主席+	1	2
881	说+对于+你+刚才+所+只有+立法会+主席+才+有+居留权+限制+候选人+没有+	14	26
881	我+	1	1
881	完全+	1	2
881	能+不+	2	2
882	进行+如果+我们+这+一+刻+投票+	7	11
882	当选者+	1	3
882	刻+下+一+	3	3
882	便+	1	1
882	主席+立法会+	2	5
883	因此+	1	2
883	我们+	1	2
883	绝对+	1	2
883	义务+厘清+他+已+完成+所有+放弃+英国+居留权+的+手续+并且+交+出+正本+	15	26
883	正+以+视听+	3	4
884	秘书处+立法会+	2	6
884	亦+	1	1
884	责任+维护+这个+程序+正确+和+完整+地+进行+	9	16
885	所以+	1	2
885	交+如果+梁君彦+议员+仍然+无法+出+盖+有+正规+印章+的+信件+正本+	14	24
885	他+	1	1
885	应该+	1	2
885	不+	1	1
885	资格+参选+	2	4
886	设置+除了+两+个+投票箱+分别+供+投+废票+和+投+给+涂谨申+议员+	14	23
886	我们+	1	2
886	否+	1	1
886	设置+还+要+为+梁君彦+议员+投票箱+	7	13
887	这+	1	1
887	相当+	1	2
887	进行+未来+立法会+任期+内+会议+如何+	7	14
887	有+跟+全+港+公众+利益+也+莫大+关系+	9	13
888	我+	1	1
888	处理+这+一+刻+一定+要+这+件+事+	9	11
889	交+如果+梁君彦+议员+无法+出+文件+正本+	8	15
889	他+	1	1
889	应该+	1	2
889	不+	1	1
889	资格+参选+	2	4
890	我+	1	1
890	刚才+	1	2
890	只+	1	1
890	依书直说+	1	4
890	引述+向+大家+基本法+的+内容+	6	11
890	加入+并+没有+个人+意见+	5	9
891	加入+由于+主席+不+应+个人+意见+况且+当中+涉及+宪制+和+法律+的+问题+	15	26
891	我+	1	1
891	不+	1	1
891	给予+任何+意见+	3	6
892	也+	1	1
892	未必+	1	2
892	是+	1	1
892	最+	1	1
892	无误+即使+我+提+出+意见+	6	9
893	只+	1	1
893	大家+供+	2	3
893	而已+	1	2
894	任何+	1	2
894	一+项+	2	2
894	选举+不论+是+我+以往+参加+过+的+学生会+以至+今+天+立法会+主席+的+选举+	16	27
895	主席+	1	2
895	会议+如果+这+是+正式+	5	8
895	梁颂恒+议员+	2	5
895	资格+参加+这个+会议+	4	8
896	主席+	1	2
896	那么+	1	2
896	我+	1	1
896	问题+我+第一+个+	4	6
897	我+	1	1
897	想+	1	1
897	有+我+现在+究竟+没+有+权+参加+这个+会议+	10	15
898	主席+	1	2
898	规则+根据+议事+和+相关+法例+	6	11
898	议员+任何+未+宣誓+的+	5	8
898	能+不+	2	2
898	会议+正式+和+发言+	4	7
899	主席+	1	2
899	那么+	1	2
899	我+	1	1
899	问题+下+一+个+	4	5
899	了+	1	1
900	条+议事+规则+第十二+每+届+任期+的+首+次+会议+	11	17
900	明+	1	1
901	一+	1	1
901	会议+在+立法会+每+届+任期+首+次+上+	9	13
901	议员+	1	2
901	须+	1	1
901	规定+按照+本+议事+规则+第一+条+宗教+式+或+非宗教+式+宣誓+的+	14	23
901	宣誓+宗教+式+或+非宗教+式+	6	10
902	二+	1	1
902	作+在+所有+出席+会议+的+议员+包括+我+宗教+式+或+非宗教+式+宣誓+后+	16	25
902	须+	1	1
902	程序+按照+本+议事+规则+第四+条+立法会+主席+的+选举+规定+的+	13	23
902	选举+立法会+主席+的+	4	8
903	主席+	1	2
903	这里+	1	2
903	问题+先后+次序+的+	4	7
904	我们+	1	2
904	尚+	1	1
904	未+	1	1
904	程序+第一+款+的+即+所有+出席+这+次+会议+的+议员+进行+宣誓+	14	22
905	试问+	1	2
905	怎+	1	1
905	能+	1	1
905	程序+第二+款+选举+立法会+主席+的+	7	13
906	这+	1	1
906	是+	1	1
906	严重+很+的+	3	4
906	规程+	1	2
907	容许+既然+我+已+其他+议员+就座+	7	12
907	便+	1	1
907	不+	1	1
907	会+	1	1
907	决定+不+容许+议员+发言+的+	6	10
908	我+	1	1
908	会+	1	1
908	他+	1	1
908	发言+	1	2
909	主席+	1	2
909	确认+如果+你+这+是+一+个+正式+会议+	9	13
909	做+你+这样+	3	4
909	严重+	1	2
909	了+	1	1
909	规定+议事+规则+第一+条+的+	6	10
910	我+	1	1
910	考虑+你+重新+	3	5
911	我+	1	1
911	改选+要+主席+	3	5
912	我+	1	1
912	谢伟俊+议员+	2	5
913	他+	1	1
913	不+	1	1
914	要+	1	1
914	主席+	1	2
915	你+	1	1
915	可以+	1	2
915	质疑+	1	2
915	作+但+我+已+了+决定+	6	7
916	议员+在席+	2	4
916	是+	1	1
916	确认+经过+选举+的+	4	7
916	容许+虽然+他+未+宣誓+但+我+会+他+发言+	10	14
917	你+	1	1
917	可以+	1	2
917	决定+你+的+	3	4
918	但+	1	1
918	我+	1	1
918	想+	1	1
918	建基于+你+的+决定+是否+你+认为+有关+议员+是否+应该+正式+宣誓+	13	24
919	认为+如果+你+他+的+宣誓+有效+而+准许+他+发言+	11	17
919	你+	1	1
919	可+	1	1
919	为+以+此+基础+	4	5
919	决定+	1	2
920	但+	1	1
920	同意+如果+你+有关+宣誓+不+合理+和+不+合法+	10	16
920	你+	1	1
920	做+这样+	2	3
920	便+	1	1
920	严重+	1	2
920	了+	1	1
920	条+议事+规则+第一+	4	7
921	作+即使+任何+议员+未曾+最后+宣誓+	7	13
921	他+	1	1
921	仍+	1	1
921	资格+议员+的+	3	5
921	是+这+就+其+身份+而+言+	7	8
922	当然+	1	2
922	你+	1	1
922	可以+	1	2
922	宣誓+他+尚+未+尚+未+是+议员+	8	10
923	但+	1	1
923	问题+	1	2
923	容许+你+刚才+尚+未+宣誓+我+已+你+就座+	10	14
924	你+	1	1
924	又+	1	1
924	如何+	1	2
924	呢+	1	1
925	主席+	1	2
925	宣布+当+你+进入+选举+主席+的+第二+阶段+	9	15
925	便+	1	1
925	已+	1	1
925	完成+了+第一+阶段+的+宣誓+仪式+	7	12
926	所以+	1	2
926	你+	1	1
926	不+	1	1
926	要+	1	1
926	错+	1	1
926	逻辑+这个+	2	4
927	你+	1	1
927	得+	1	1
927	对+	1	1
928	不过+	1	2
928	问题+	1	2
928	有+尚+未+人+取消+他+的+资格+	8	10
928	是+他+未+宣誓+	4	5
929	你+	1	1
929	先前+	1	2
929	会议+在+上+	3	4
929	宣誓+没+有+人+取消+你+的+资格+所以+你+有+资格+	12	17
930	我+	1	1
930	指+他+发言+	3	4
930	主席+	1	2
931	不+	1	1
931	取消+资格+	2	4
932	这+	1	1
932	是+	1	1
932	处理+下+一+步+会+的+	6	7
933	我+	1	1
933	只+	1	1
933	提出+议员+要+完成+第一+阶段+的+宣誓+才+有+资格+进入+第二+阶段+参与+会议+	16	28
934	你+	1	1
934	可以+	1	2
934	做法+我+的+	3	4
935	但+	1	1
935	我+	1	1
935	有+按照+刚才+的+程序+你们+尚未+宣誓+已+资格+在+会议厅+就座+	13	23
935	是+我+基于+这个+理念+作出+决定+	7	12
936	你+	1	1
936	我+	1	1
936	什么+是+	2	3
936	作出+理据+我+已+向+你+解释+	7	10
937	接受+无论+你+与+否+	5	7
937	又+	1	1
937	或+	1	1
937	决定+我+的+	3	4
937	是+	1	1
937	错+或+	2	2
938	视+如果+你+仍+我+为+主席+并+称呼+我+为+主席+	12	16
938	你+	1	1
938	便+	1	1
938	要+	1	1
938	决定+我+的+	3	4
939	当作+除非+你+不+把+我+主席+	7	10
939	那+	1	1
939	就+	1	1
939	不用+	1	2
939	决定+我+这+	3	4
940	梁颂恒+议员+	2	5
940	你+	1	1
940	是否+	1	2
940	要+	1	1
940	发言+	1	2
941	主席+	1	2
941	我+	1	1
941	当+你+不+想+丑人+	5	6
941	违反+但+你+不+可以+议事+规则+	7	11
942	条+议事+规则+第一+	4	7
942	参与+议员+未+宣誓+便+不+能+会议+	8	12
943	你+	1	1
943	可以+	1	2
943	质疑+	1	2
943	作出+但+我+刚才+已+决定+	6	9
944	你+	1	1
944	没有+权+overrule+议事+规则+	5	15
944	决定+这+	2	3
945	没+你+根本+	3	4
945	有+power+	2	6
945	决定+这+	2	3
946	我+	1	1
946	已+	1	1
946	了+	1	1
947	决定+我+的+	3	4
947	可以+	1	2
947	是+	1	1
947	对+或+	2	2
948	但+	1	1
948	如何+无论+	2	4
948	我+	1	1
948	今天+	1	2
948	不+	1	1
948	会+	1	1
948	你+跟+	2	2
949	这+	1	1
949	是+	1	1
949	错+的+	2	2
950	你+	1	1
950	是否+	1	2
950	要+	1	1
950	违反+议事+规则+的+决定+	5	9
951	我+	1	1
951	已+	1	1
951	决定+	1	2
952	可以+	1	2
952	法庭+向+	2	3
952	质疑+如果+你+不+同意+我+的+决定+	8	12
953	为何+	1	2
953	话+你+这些+	3	4
953	不+	1	1
953	他们+跟+	2	3
954	为何+	1	2
954	你+	1	1
954	不+	1	1
954	他们+	1	2
954	提出+向+法庭+要+执行+你+的+决定+	8	12
955	我+	1	1
955	不+	1	1
955	决定+已+了+	3	4
955	吗+	1	1
956	为何+	1	2
956	话+你+这些+	3	4
956	只+	1	1
956	我+对+	2	2
956	说+却+不+对+你+身旁+的+人+	8	9
957	我+	1	1
957	已经+	1	2
957	决定+	1	2
957	让+他+发言+	3	4
958	梁耀忠+	1	3
958	为何+	1	2
958	要+	1	1
958	呢+	1	1
959	你+	1	1
959	可否+	1	2
959	中立+和+公正+	3	5
959	来+按照+议事+规则+办事+	5	9
960	我+	1	1
960	当+你+不+会+丑人+	5	6
960	为难+也+不+想+你+	5	6
961	你+	1	1
961	只+	1	1
961	需+	1	1
961	规则+按照+议事+	3	6
961	便+	1	1
962	规则+根据+议事+	3	6
962	决定+我+作+的+	4	5
962	便+	1	1
962	是+	1	1
962	最终+	1	2
963	主席+	1	2
963	规程+	1	2
964	大家+	1	2
964	坐+先+下+	3	3
965	规程+	1	2
965	地方+主席+立法会+是+庄严+的+	6	11
966	请+你+那些+在+你+身旁+的+议员+返回+座位+	10	15
967	大家+	1	2
967	坐+下+	2	2
967	并+	1	1
967	保持+肃静+	2	4
968	梁美芬+议员+	2	5
968	我+	1	1
968	还+	1	1
968	未+	1	1
968	你+	1	1
968	发言+	1	2
968	请+坐+下+	3	3
969	我+	1	1
969	不+	1	1
969	插队+发言+	2	4
969	主席+	1	2
970	我+	1	1
970	议员+在+你+身旁+的+	5	7
970	返回+可以+座位+	3	6
970	感到+因为+我们+很+骚扰+	5	9
971	我们+	1	2
971	主持+主席+你+一+个+人+会议+	7	10
972	不+	1	1
972	应+	1	1
972	人+五+个+垂帘听政+	4	7
973	你+	1	1
973	不+	1	1
973	人+这些+	2	3
973	保护+来+	2	3
973	对+吗+	2	2
974	教授+	1	2
975	我们+	1	2
975	骚扰+非常+	2	4
976	我+	1	1
976	裁决+主席+	2	4
977	议员+这+五+位+	4	5
977	返回+座位+	2	4
977	规则+因为+立法会+议事+	4	9
978	会议+刚才+的+	3	5
978	本来+	1	2
978	得+	1	1
978	好+很+	2	2
979	第四十二+条+	2	5
979	清楚+	1	2
979	明+	1	1
980	是+只+你们+提出+这些+问题+	6	10
980	会议+	1	2
980	便+	1	1
980	不+	1	1
980	能+	1	1
981	主席+	1	2
981	我+	1	1
981	要求+你+那+五+位+议员+返回+座位+	8	12
982	梁美芬+议员+	2	5
982	我+	1	1
982	还+	1	1
982	未+	1	1
982	你+	1	1
982	发言+	1	2
983	你+	1	1
983	坐+先+下+	3	3
984	议员+下+一+位+是+	5	6
985	梁颂恒+议员+	2	5
985	尚+	1	1
985	未+	1	1
985	完+	1	1
986	梁颂恒+议员+	2	5
986	你+	1	1
986	刚才+	1	2
986	下来+	1	2
987	我+	1	1
987	发言+你+已+完毕+	4	6
988	你+	1	1
988	继续+	1	2
989	主席+	1	2
989	我+	1	1
989	说+到+哪里+	3	4
990	刚才+	1	2
990	较为+	1	2
991	其实+	1	2
991	在+	1	1
991	中+	1	1
992	议员+	1	2
992	坐+下+	2	2
993	叫唤+在+我+议员+发言+前+	6	9
993	坐+先+下+	3	3
994	梁颂恒+议员+	2	5
994	继续+发言+	2	4
995	选举+在+任何+中+	4	6
995	点+最+重要+的+两+	5	6
995	就+	1	1
995	是+	1	1
995	候选人+	1	3
995	基础+及+选民+	3	5
996	现在+	1	2
996	了+	1	1
996	问题+两+个+	3	4
997	第一+	1	2
997	候选人+的+	2	4
997	资格+	1	2
998	刚才+	1	2
998	议员+多+位+	3	4
998	已+	1	1
998	过+	1	1
998	点+这+	2	2
998	详述+我+不+	3	4
999	问题+第二+个+	3	5
999	资格+关于+投票人+的+	4	8
999	订+议事+规则+明+的+	5	7
999	完成+上+一+项+程序+根本+未+	7	10
1000	如何+	1	2
1000	步+下+一+选举+主席+的+会议+	7	10
1001	规则+议事+	2	4
1001	已+	1	1
1001	清楚+	1	2
1001	明+	1	1
1001	程序+由+议员+宣誓+至+选举+主席+的+	8	13
1002	条+在+第十二+每+届+任期+的+首+次+会议+	10	14
1002	已+	1	1
1002	规定+明确+	2	4
1003	所以+	1	2
1003	主席+	1	2
1003	你+	1	1
1003	看看+先+议事+规则+以+决定+各+事项+的+先后+次序+	11	18
1004	应该+	1	2
1004	议员+每+位+出席+会议+的+	6	9
1004	进行+作+出+宗教+式+或+非宗教+式+宣誓+后+再+按照+议事+规则+第四+条+选举+主席+的+程序+	20	32
