sent_id	phrase_text	word_n	character_n
651	刚才	1	2
651	秘书处	1	3
651	已	1	1
651	五+后+分钟	3	4
652	现在	1	2
652	时间	1	2
652	已	1	1
652	了	1	1
652	五+分钟	2	3
653	我	1	1
653	想	1	1
653	跟+大家	2	3
653	今天+的+会议	3	5
653	两+部分	2	3
654	刚才	1	2
654	大家	1	2
654	已	1	1
654	的	1	1
654	第一+部分	2	4
654	是	1	1
655	而	1	1
655	第二+部分	2	4
655	立法会+主席	2	5
656	我	1	1
656	同事	1	2
656	对+候选人+主席+的+国籍+问题	6	11
656	些	1	1
656	意见	1	2
657	候选人	1	3
657	就+某些+方面	3	5
657	澄清	1	2
658	由于	1	2
658	今天+的+会议	3	5
658	并	1	1
658	任何+程序	2	4
658	我们	1	2
658	在+内+会议厅	3	5
658	提问+辩论+谘询+或+等+澄清	6	10
658	因此	1	2
658	我们	1	2
658	不+可以	2	3
658	在+内+会议厅	3	5
658	这些+工作	2	4
659	为	1	1
659	一些+议员	2	4
659	此+事	2	2
659	的	1	1
659	能	1	1
659	澄清	1	2
659	不过	1	2
659	我	1	1
659	议员+梁君彦	2	5
659	稍后	1	2
659	到+外+会议厅	3	5
659	向+新闻+传媒	3	5
659	他+的+国籍+问题	4	6
660	此+事	2	2
660	的	1	1
660	而	1	1
660	议员	1	2
660	亦	1	1
660	可	1	1
660	他+的+阐述	3	4
660	以及	1	2
660	可以	1	2
660	向	1	1
660	他	1	1
661	在+内+会议厅	3	5
661	根据+规则	2	4
661	我	1	1
661	不	1	1
661	能	1	1
661	大家	1	2
661	或	1	1
661	任何+讨论	2	4
662	我	1	1
662	现在	1	2
662	议员	1	2
662	此+事	2	2
662	的	1	1
662	到+外+会议厅	3	5
662	梁君彦+议员+的+交代	4	8
663	我	1	1
663	会议	1	2
663	将	1	1
663	在+时+二+分+三十+下午	6	8
663	正式	1	2
664	我+的+发言	3	4
664	到此	1	2
665	现在	1	2
665	会议	1	2
666	现在	1	2
666	二+分+三十五+时	4	6
666	我	1	1
666	原先	1	2
666	的	1	1
666	二+分+三十+时	4	5
666	会议	1	2
666	较+时间	2	3
666	了	1	1
666	五+分钟	2	3
667	我	1	1
667	不+想	2	2
667	再	1	1
668	现在	1	2
668	正式	1	2
669	会议	1	2
669	现	1	1
669	已	1	1
669	我	1	1
669	所有+同事	2	4
669	自己+的+座位	3	5
670	我们	1	2
670	秩序	1	2
670	地	1	1
670	今天	1	2
670	程式	1	2
670	主席	1	2
670	的	1	1
671	我	1	1
671	现在	1	2
671	再	1	1
671	所有+同事	2	4
671	自己+的+座位	3	5
672	议员	1	2
672	想	1	1
672	规程+问题	2	4
673	但	1	1
673	其他+同事	2	4
673	秘书	1	2
673	先行	1	2
673	座位	1	2
673	我	1	1
673	一些+文书+工作	3	6
674	秘书	1	2
674	上	1	1
674	否则	1	2
674	会	1	1
674	比较	1	2
675	我	1	1
675	其他+议员	2	4
675	先	1	1
675	座位	1	2
675	我们	1	2
675	可以	1	2
675	会议	1	2
676	如果	1	2
676	大家	1	2
676	任何+规程+问题	3	6
676	可以	1	2
677	我	1	1
677	会	1	1
677	大家	1	2
677	时间	1	2
678	主席	1	2
678	我	1	1
678	想	1	1
678	秘书处	1	3
678	否+有	2	2
678	梁君彦+议员+的+国籍+问题	5	10
679	他	1	1
680	刚才	1	2
680	我	1	1
680	过	1	1
680	有关	1	2
680	议员	1	2
680	的	1	1
680	国籍+问题	2	4
680	不	1	1
680	是	1	1
680	今天+的+会议	3	5
680	讨论	1	2
681	的	1	1
682	先	1	1
682	我	1	1
682	吗	1	1
683	我	1	1
683	刚才	1	2
683	已经	1	2
683	过	1	1
683	为了	1	2
683	大家	1	2
683	进一步	1	3
683	国籍+梁君彦+议员+有关+的+问题	6	12
683	或	1	1
683	他	1	1
683	我	1	1
683	已	1	1
683	作出+特别	2	4
683	时间	1	2
683	议员+梁	2	3
683	在+外+会议厅	3	5
683	向+传媒	2	3
683	澄清+和+交代	3	5
684	如果	1	2
684	各位	1	2
684	刚才	1	2
684	有	1	1
684	便	1	1
684	应该	1	2
684	情况	1	2
685	无论	1	2
685	当事人	1	3
685	如何	1	2
685	及	1	1
685	不过	1	2
685	在+这个+上+会议	4	6
685	我	1	1
685	不	1	1
685	能	1	1
685	大家	1	2
686	作为+会议+主持人	3	7
686	我	1	1
686	只	1	1
686	能	1	1
686	根据+会议+规则	3	6
686	程序	1	2
687	如果+议员+想	3	5
687	他+的+问题	3	4
687	满意+的+答复	3	5
687	可以	1	2
687	在+其他+场合	3	5
688	今天+的+中+会议	4	6
688	则	1	1
688	办法	1	2
688	这个+问题	2	4
689	我+现在+想	3	4
689	哪些+议员	2	4
689	刚才	1	2
689	曾	1	1
689	想	1	1
689	规程+问题	2	4
690	我	1	1
690	不+到	2	2
691	秘书	1	2
691	曾	1	1
691	的	1	1
691	想	1	1
691	规程+问题	2	4
691	把+议员+名单	3	5
691	给+我	2	2
692	因为	1	2
692	我	1	1
692	不+到	2	2
693	今天	1	2
693	我	1	1
693	不+想	2	2
693	跟+大家	2	3
693	其他+问题	2	4
693	因为	1	2
693	我	1	1
693	权力	1	2
693	这样	1	2
694	我	1	1
694	只是	1	2
694	会议+规则	2	4
695	其实	1	2
695	我	1	1
695	也	1	1
695	不	1	1
695	很+想	2	2
695	这+会议	2	3
696	议员	1	2
696	时间	1	2
696	最	1	1
696	的	1	1
696	不过	1	2
696	根据+规则+附表+一+段+第六+七+及+的+规定	10	15
696	由+我	2	2
696	会议	1	2
697	根据+会议+规则	3	6
697	我	1	1
697	现在	1	2
697	只	1	1
697	能	1	1
697	投票+的+过程	3	5
698	其他+事情	2	4
698	我	1	1
698	无法	1	2
699	如果	1	2
699	我	1	1
699	的话	1	2
699	便	1	1
699	会议+规则	2	4
700	不	1	1
700	的	1	1
701	大家	1	2
701	如果	1	2
701	我	1	1
701	这+个+会议	3	4
701	究竟	1	2
701	我+只+能够	3	4
701	根据+会议+规则	3	6
701	这+个+会议	3	4
701	是	1	1
701	的	1	1
702	议员	1	2
702	如果	1	2
702	想	1	1
702	规程+问题	2	4
702	我	1	1
702	再	1	1
702	大家	1	2
702	先	1	1
702	自己+的+座位	3	5
703	我	1	1
703	会	1	1
703	大家	1	2
704	我们	1	2
704	不	1	1
704	又	1	1
704	呢	1	1
705	如果	1	2
705	议员	1	2
705	真的	1	2
705	不	1	1
705	座位	1	2
705	也	1	1
705	不	1	1
706	不要	1	2
706	骚扰	1	2
706	但	1	1
706	以便	1	2
706	会议	1	2
706	可	1	1
707	秘书	1	2
707	我	1	1
707	的	1	1
707	规程+问题	2	4
707	的	1	1
707	根据+名单	2	4
707	第一+位+议员	3	5
707	是	1	1
707	议员	1	2
708	根据+规则	2	4
708	今天+的+规程	3	5
708	只	1	1
708	能够	1	2
708	过程	1	2
709	如果	1	2
709	其他+问题	2	4
709	议员	1	2
709	在+其他+场合	3	5
710	现在	1	2
710	议员+毛孟静	2	5
711	主席	1	2
712	我	1	1
712	不	1	1
712	故意	1	2
712	要	1	1
712	你	1	1
712	或	1	1
713	还	1	1
713	要	1	1
713	你	1	1
713	试图	1	2
713	我们	1	2
713	到+外+会议厅	3	5
713	梁君彦+议员+的+解释	4	8
714	我们	1	2
714	已	1	1
714	解释+他+的+罢	4	5
715	他	1	1
715	第一+封+信	3	4
715	国籍+其+居留权+或+外国+的+问题	7	12
716	中+信	2	2
716	已	1	1
716	声明	1	2
716	国籍	1	2
716	的	1	1
717	但	1	1
717	相关+的+copy	3	7
717	却	1	1
717	并不	1	2
718	原来	1	2
718	那	1	1
718	是	1	1
718	封+一	2	2
719	第二+封+信	3	4
719	才	1	1
719	是	1	1
720	但	1	1
720	他	1	1
720	暂时	1	2
720	仍	1	1
720	未	1	1
720	到	1	1
721	我	1	1
721	想	1	1
721	就+此	2	2
721	规程+问题	2	4
722	因为	1	2
722	基本法	1	3
722	已	1	1
722	立法会+主席	2	5
722	必须	1	2
722	在+外国	2	3
722	居留权	1	3
723	而	1	1
723	即使	1	2
723	两+封+信	3	3
723	都	1	1
723	由+政府	2	3
723	但	1	1
723	却	1	1
723	不	1	1
723	一定	1	2
723	是	1	1
723	法律	1	2
724	我们	1	2
724	最+主要	2	3
724	想	1	1
724	的	1	1
724	是	1	1
724	份+那	2	2
724	国籍	1	2
725	而	1	1
725	本人+我	2	3
725	也	1	1
725	一+份	2	2
726	我们	1	2
726	应	1	1
726	他	1	1
726	到	1	1
726	有关+文件	2	4
727	所有+事情	2	4
727	皆	1	1
727	被	1	1
727	正式	1	2
727	后	1	1
727	才	1	1
727	程序	1	2
727	呢	1	1
728	的	1	1
728	你	1	1
728	议员+毛孟静	2	5
729	我	1	1
729	刚才	1	2
729	过	1	1
729	只	1	1
729	提问+你+的+能够	4	6
729	事情+或+过程	3	5
729	与+选举	2	3
729	的	1	1
730	但	1	1
730	你	1	1
730	却	1	1
730	梁君彦+议员+的+国籍+问题	5	10
731	我	1	1
731	刚才	1	2
731	已	1	1
731	特别+安排	2	4
731	议员+梁君彦	2	5
731	向+大众+和+社会+大家	5	8
731	交代+及+澄清	3	5
732	至于	1	2
732	他+的+答复	3	4
732	否+能	2	2
732	你+刚才+的+提问	4	6
732	我	1	1
732	并不	1	2
732	能够	1	2
732	任何+意见	2	4
733	不过	1	2
733	我	1	1
733	想	1	1
733	对+大家	2	3
733	鉴于	1	2
733	议员+梁君彦	2	5
733	已经	1	2
733	一而再再而三	1	6
733	地	1	1
733	资料	1	2
733	并	1	1
733	在+公开+场合	3	5
733	澄清	1	2
733	议员	1	2
733	可	1	1
733	大+自行	2	3
733	稍后	1	2
733	否+会	2	2
733	他	1	1
734	如果	1	2
734	大家	1	2
734	梁君彦+议员+的+答复	4	8
734	未	1	1
734	能	1	1
734	大家+的+提问	3	5
734	大家	1	2
734	可以	1	2
735	那么	1	2
735	梁天琦	1	3
735	也	1	1
735	不+应该	2	3
735	被	1	1
735	吗	1	1
736	我	1	1
736	也	1	1
736	不	1	1
736	议员+梁君彦	2	5
736	究竟	1	2
736	真的	1	2
736	合法+权利	2	4
736	但	1	1
736	议员+梁耀忠	2	5
736	却	1	1
736	我们	1	2
736	吗	1	1
736	自行	1	2
736	给+他	2	2
737	你	1	1
737	否	1	1
737	也	1	1
737	可	1	1
737	选民	1	2
737	自行	1	2
737	给+梁天琦	2	4
738	规则+一+附表	3	5
738	所	1	1
738	的	1	1
738	由于	1	2
738	主席+立法会+的+选举	4	8
738	须	1	1
738	按照+程序	2	4
739	而	1	1
739	有关+的+条文	3	5
739	的	1	1
739	议员	1	2
739	主席	1	2
739	的	1	1
739	在+上+会议	3	4
739	就+候选人+的+事宜	4	7
739	讨论	1	2
740	事实上	1	3
740	有关+的+讨论	3	5
740	亦	1	1
740	已	1	1
740	上+论坛	2	3
740	昨天	1	2
740	特别	1	2
740	的	1	1
741	主席	1	2
741	我	1	1
741	不	1	1
741	讨论	1	2
742	我	1	1
742	的	1	1
742	是	1	1
742	上+的+法律	3	4
743	他	1	1
743	一定	1	2
743	要	1	1
743	声明+一+份+的+正式+文件	6	9
743	英国+国籍	2	4
744	而	1	1
744	最+好	2	2
744	当然	1	2
744	是	1	1
745	如果	1	2
745	暂时	1	2
745	正本	1	2
745	但	1	1
745	向+我们	2	3
745	一+份+copy	3	6
745	也	1	1
746	不过	1	2
746	现时	1	2
746	已经	1	2
746	得	1	1
746	很	1	1
747	便	1	1
747	按照+我+的+理解	4	6
747	他	1	1
747	仍未	1	2
747	相关+文件	2	4
748	呢	1	1
748	我们	1	2
748	怎	1	1
748	可以	1	2
748	在+这里	2	3
748	程序	1	2
748	的	1	1
749	据	1	1
749	我	1	1
749	基本法	1	3
749	主席+立法会+不+能够	4	8
749	国家+任何+其他+的+居留权	5	10
750	这+方面	2	3
750	已	1	1
750	清楚	1	2
750	但	1	1
750	并	1	1
750	没有	1	2
750	候选人	1	3
751	我	1	1
751	今天	1	2
751	不	1	1
751	要	1	1
751	与+大家	2	3
751	这个+问题	2	4
751	如果	1	2
751	大家	1	2
751	想	1	1
751	的话	1	2
751	但	1	1
751	便	1	1
751	应该	1	2
751	其他+途径	2	4
752	法律+背景	2	4
752	的	1	1
752	因为	1	2
752	我	1	1
752	既	1	1
752	非	1	1
753	而	1	1
753	我+主席+这+个+的+身份	6	8
753	也	1	1
753	不+能够	2	3
753	任何+回答	2	4
754	我	1	1
754	只	1	1
755	不好意思	1	4
755	我	1	1
755	不	1	1
755	特别	1	2
755	要	1	1
755	你	1	1
755	亦	1	1
755	这样+插言	2	4
755	不	1	1
756	不	1	1
757	但	1	1
757	按照+你+刚才+的+说法	5	8
757	作为+立法会+主席	3	7
757	便	1	1
757	不	1	1
757	能够	1	2
757	外国+居留权	2	5
758	如果	1	2
758	要	1	1
758	选举	1	2
758	的话	1	2
758	但是	1	2
758	人	1	1
758	将	1	1
758	于+稍后+半+分钟+或+十+后+小时	8	11
758	便会	1	2
758	主席	1	2
759	但	1	1
759	他	1	1
759	却	1	1
759	未	1	1
759	能	1	1
759	在+内+今天	3	4
759	向+我们	2	3
759	正式+声明	2	4
759	刚才	1	2
759	所	1	1
759	的	1	1
759	国籍	1	2
760	你	1	1
760	得	1	1
762	就	1	1
762	一旦	1	2
762	他	1	1
762	条件	1	2
762	不	1	1
762	规定	1	2
762	他	1	1
762	便	1	1
762	不	1	1
762	应该	1	2
762	主席	1	2
763	这	1	1
763	是	1	1
763	的	1	1
764	不过	1	2
764	问题	1	2
764	我	1	1
764	不	1	1
764	能够	1	2
764	他	1	1
764	接着	1	2
764	该	1	1
764	怎样	1	2
764	因为	1	2
764	我	1	1
764	这+个+身份	3	4
765	我	1	1
765	只	1	1
765	能够	1	2
766	主席	1	2
766	那么	1	2
766	你	1	1
766	在+做+什么+这里	4	6
767	你	1	1
767	得	1	1
768	我	1	1
768	也	1	1
768	想	1	1
768	在+这里	2	3
768	我	1	1
768	什么	1	2
769	根据+规则	2	4
769	我	1	1
769	只是	1	2
769	两+件+事	3	3
770	第一	1	2
770	选举+主席+的+投票	4	7
771	第二	1	2
771	哪+位+候选人	3	5
772	我	1	1
772	只是	1	2
772	这+两+件+事	4	4
773	而	1	1
773	不	1	1
773	应该	1	2
773	其他+事	2	3
774	最后	1	2
774	一+个+规程	3	4
775	为了	1	2
775	为	1	1
775	我	1	1
775	不	1	1
775	现时+的+程序	3	5
775	我	1	1
775	现在	1	2
775	也	1	1
775	出来	1	2
775	在+你+后面	3	4
775	不+会	2	2
776	即使	1	2
776	你	1	1
776	我	1	1
776	我	1	1
776	亦	1	1
776	不	1	1
776	会	1	1
777	大家	1	2
777	呢	1	1
777	要	1	1
777	一直	1	2
777	这样	1	2
777	下去	1	2
778	如果	1	2
778	你	1	1
778	不	1	1
778	大家+的+投票+程序	4	7
778	我	1	1
778	的	1	1
778	不+会	2	2
778	你	1	1
779	在	1	1
779	前	1	1
779	不过	1	2
779	你	1	1
779	首先	1	2
779	需要	1	2
779	三+位+议员	3	4
779	我+梁颂恒+姚松炎+和+的+投票权	6	12
780	权	1	1
780	其实	1	2
780	我	1	1
780	也	1	1
780	你们	1	2
780	权	1	1
781	我	1	1
781	只	1	1
781	能够	1	2
781	名单	1	2
781	秘书	1	2
781	我	1	1
781	的	1	1
781	议员+和+候选人	3	6
781	资格	1	2
781	的	1	1
782	其实	1	2
782	你	1	1
782	应该	1	2
782	向+秘书处	2	4
782	而	1	1
782	不	1	1
782	向+我	2	2
782	权	1	1
782	因为	1	2
782	我	1	1
782	秘书处	1	3
783	如果	1	2
783	你	1	1
783	要	1	1
783	可以	1	2
783	向+秘书处	2	4
784	想	1	1
784	规程+问题	2	4
784	的	1	1
784	位+第二+议员	3	5
784	是	1	1
784	议员	1	2
785	主席	1	2
785	我	1	1
785	你	1	1
785	地+清醒	2	3
785	我们	1	2
785	今天	1	2
786	我	1	1
786	与	1	1
786	不	1	1
786	的	1	1
786	由+你	2	2
787	我们	1	2
787	应该	1	2
787	会议	1	2
787	并	1	1
787	主席	1	2
788	议员+议员+和+多+位+派+建制+非+毛孟静	9	14
788	刚才	1	2
788	过	1	1
788	我们	1	2
788	不	1	1
788	议员+梁君彦	2	5
788	已经	1	2
788	完全	1	2
788	英籍	1	2
788	或	1	1
788	英国+的+居留权	3	6
789	我们	1	2
789	主席	1	2
789	在+这+种+下+情况	5	6
789	并	1	1
789	不	1	1
790	这	1	1
790	是	1	1
790	第一	1	2
791	在	1	1
791	时	1	1
791	第二	1	2
791	身后+在+你+的+数+位+议员	7	9
791	刚才	1	2
791	一些+障碍	2	4
792	的	1	1
792	由于	1	2
792	秘书长	1	3
792	没有	1	2
792	他们+的+宣誓	3	5
793	并	1	1
793	稍后	1	2
793	的	1	1
793	他们	1	2
793	在+主席+中+选举	4	6
793	不+可以	2	3
794	但是	1	2
794	多+位+议员	3	4
794	他们	1	2
794	所	1	1
794	的	1	1
794	宣誓+方式	2	4
794	立法会+历+届+议员	4	7
794	也	1	1
794	曾	1	1
794	类似+方式	2	4
794	却	1	1
794	问题	1	2
795	这	1	1
795	过程	1	2
795	问题	1	2
796	数+位+议员	3	4
796	稍后	1	2
796	无法	1	2
796	投票	1	2
796	及	1	1
796	程序+公义	2	4
796	的	1	1
796	这+个+选举	3	4
796	便	1	1
796	不+会	2	2
796	是	1	1
797	我	1	1
797	想	1	1
797	你	1	1
797	多+那么+公义+程序+问题	5	9
797	否+应	2	2
797	会议	1	2
797	出	1	1
797	一+位+立法会+主席	4	7
797	任何+代表性	2	5
797	的	1	1
798	主席	1	2
798	你	1	1
798	主席	1	2
798	亦	1	1
798	不	1	1
799	我	1	1
799	你	1	1
799	议事+规则	2	4
799	议会+的+秩序	3	5
799	但是	1	2
799	我们	1	2
799	主席	1	2
799	的	1	1
799	程序	1	2
799	能够	1	2
799	顺利	1	2
800	因为	1	2
800	这	1	1
800	是	1	1
800	宪制	1	2
800	全+港+市民	3	4
800	正在	1	2
800	着	1	1
800	我们	1	2
800	的	1	1
800	亦	1	1
800	是	1	1
801	此外	1	2
801	我	1	1
801	想	1	1
801	你	1	1
801	也	1	1
801	一下	1	2
801	规则	1	2
802	议员	1	2
802	合理+理由	2	4
802	而	1	1
802	在+你+旁边+及+身后	5	7
802	着	1	1
803	我	1	1
803	这些+议员	2	4
803	已	1	1
803	规则	1	2
804	你	1	1
804	这些+议员	2	4
804	座位	1	2
805	多次+劝谕	2	4
805	如果	1	2
805	他们	1	2
805	仍	1	1
805	不	1	1
805	座位	1	2
805	我	1	1
805	你	1	1
805	应	1	1
805	规则	1	2
805	以	1	1
805	议会+的+秩序	3	5
806	这	1	1
806	是	1	1
806	第一	1	2
807	第二+点	2	3
807	是	1	1
807	关于	1	2
807	的+议员	2	3
808	我	1	1
808	你+的+判断	3	4
808	便	1	1
808	秘书长	1	3
808	已	1	1
808	按照+法例	2	4
808	依法	1	2
808	为+我们	2	3
809	我	1	1
809	亦	1	1
809	数+位+议员	3	4
809	依照+誓词+的+内容	4	7
809	宣誓	1	2
810	主席	1	2
810	的	1	1
810	因此	1	2
810	在+中+过程	3	4
810	不	1	1
810	能	1	1
810	表决	1	2
811	我	1	1
811	这+情况	2	3
811	所有+议员	2	4
811	都	1	1
812	由于	1	2
812	未	1	1
812	能	1	1
812	宣誓	1	2
812	因此	1	2
812	不	1	1
812	能	1	1
812	选举	1	2
813	他	1	1
813	未	1	1
813	能	1	1
813	而	1	1
813	秘书长	1	3
813	亦	1	1
813	对+所有+议员	3	5
813	一+次+多+机会	4	5
813	的	1	1
814	我	1	1
814	这+做法	2	3
814	已经	1	2
814	到	1	1
814	人情+上+的+考虑	4	6
815	至于	1	2
815	大家	1	2
815	梁君彦+议员+的+国籍+问题	5	10
815	第三+点	2	3
815	我	1	1
815	早	1	1
815	已	1	1
815	很	1	1
815	此+事	2	2
815	并	1	1
815	多+次	2	2
815	议员+梁	2	3
815	他	1	1
816	而	1	1
816	他	1	1
816	已	1	1
816	多次	1	2
816	地+确定	2	3
816	事情	1	2
816	已经	1	2
816	好	1	1
817	及后	1	2
817	亦	1	1
817	已	1	1
817	两+封+信	3	3
817	英国+领事馆	2	5
817	的	1	1
817	供+大家	2	3
818	当然	1	2
818	议员	1	2
818	可以	1	2
818	议员+梁	2	3
818	一+份+证书	3	4
819	我	1	1
819	的	1	1
819	这+点	2	2
820	我	1	1
820	过	1	1
820	那+两+封+信	4	4
820	后	1	1
820	但	1	1
820	最低限度	1	4
820	到+此刻	2	3
820	其他+新+证据	3	5
820	梁+议员+的+英籍+问题	5	8
820	并	1	1
820	未	1	1
821	已	1	1
821	了	1	1
821	今+天	2	2
821	主席	1	2
821	既然	1	2
821	我	1	1
821	所	1	1
821	的	1	1
821	我们	1	2
821	应	1	1
821	时间+按照+安排	3	6
821	顺利	1	2
821	主席	1	2
822	正如+其他+选举	3	6
822	人	1	1
822	可能	1	2
822	会	1	1
822	候选人+不同+的+某些+声明	5	10
823	大家	1	2
823	日后	1	2
823	可以	1	2
823	透过+不同+方式	3	6
823	司法+程序+或+其他+法律+覆核	6	11
824	作为+议员	2	4
824	我们	1	2
824	都	1	1
824	很	1	1
825	我	1	1
825	议员+梁耀忠	2	5
825	可以	1	2
825	公正+地+公平	3	5
825	会议	1	2
825	我们	1	2
825	能够	1	2
825	顺利	1	2
825	出	1	1
825	主席	1	2
826	主席	1	2
826	我	1	1
826	到	1	1
826	有些+同事	2	4
826	就+人+候选人+两+位+的+其中+一+的+资格	10	14
826	出	1	1
826	了	1	1
826	质疑+或+意见	3	5
827	但	1	1
827	我	1	1
827	虽然	1	2
827	立场+不同+政治+的+议员	5	9
827	对+此+事	3	3
827	不同+的+态度	3	5
827	在+这+个+内+会议厅	5	7
827	但	1	1
827	亦	1	1
827	不	1	1
827	能	1	1
827	因此	1	2
827	而	1	1
827	今+天+既定+的+议程	5	7
828	我们	1	2
828	由+宣誓	2	3
828	至今	1	2
828	我	1	1
828	已	1	1
828	了	1	1
828	两+小时	2	3
829	而	1	1
829	阁下+的+工作	3	5
829	亦	1	1
829	只是	1	2
829	天+今+这+项+主席+选举	6	8
829	所以	1	2
829	我	1	1
829	你	1	1
829	不要	1	2
829	再	1	1
829	时间	1	2
829	直接	1	2
829	选举+主席+立法会+的+程序	5	10
831	主席	1	2
831	议员+毛孟静	2	5
831	刚才	1	2
831	到+一+个+观点	4	5
831	就	1	1
831	按照+严谨+最+谨慎+最+合理+的+做法	8	13
832	在	1	1
832	我们	1	2
832	到	1	1
832	正式+文件	2	4
832	前	1	1
832	实	1	1
832	难以	1	2
832	单凭+电邮+一+封+或+文件+相关+的+副本	9	14
832	确认	1	2
832	即使	1	2
832	我们	1	2
832	他	1	1
833	我	1	1
833	今+次	2	2
833	主席	1	2
833	后果	1	2
833	十分	1	2
833	宪制+危机	2	4
834	我们	1	2
834	必须	1	2
834	如此+仓促+地+草率	4	7
835	刚才	1	2
835	也	1	1
835	同事	1	2
835	到	1	1
835	英国+国籍法	2	5
835	所	1	1
835	有关	1	2
835	居留权+和+国籍	3	6
835	的	1	1
835	另+一+点	3	3
835	就+上+问题	3	4
835	我	1	1
835	当中	1	2
835	仍	1	1
835	争议	1	2
836	而	1	1
836	我们	1	2
836	似乎	1	2
836	未	1	1
836	有	1	1
836	充分	1	2
836	法律+意见	2	4
837	基本法+第七十一+所+条	4	9
837	的	1	1
837	在+此+下+情况	4	5
837	就+居留权+外国+问题	4	8
837	我	1	1
837	在	1	1
837	未	1	1
837	之前	1	2
837	必须	1	2
837	在	1	1
837	这+一+刻	3	3
837	立法会+主席	2	5
838	刚才	1	2
838	规程+问题	2	4
839	你	1	1
839	你+的+责任	3	4
839	会议	1	2
839	出	1	1
839	结果	1	2
839	后	1	1
839	以及	1	2
839	在	1	1
839	出	1	1
839	宣布	1	2
840	其实	1	2
840	一+件+事情	3	4
840	也	1	1
840	你+的+权力+范围	4	6
840	就	1	1
840	整个+会议	2	4
841	这些+法律+风险+或+观点	5	9
841	你	1	1
841	今天	1	2
841	不	1	1
841	就	1	1
841	立法会+主席	2	5
841	出	1	1
841	决定	1	2
842	主席	1	2
843	第一	1	2
843	我	1	1
843	是	1	1
843	立法会+会议	2	5
844	正如	1	2
844	议员+李慧琼	2	5
844	所	1	1
844	香港+很多+人	3	5
844	正在	1	2
844	和	1	1
844	这+次+会议	3	4
845	正	1	1
845	因	1	1
845	我们	1	2
845	对+自己	2	3
845	应	1	1
845	高+更+的+要求	4	5
846	我	1	1
846	到	1	1
846	刚才	1	2
846	最大+的+问题	3	5
846	是	1	1
847	我	1	1
847	仍	1	1
847	是	1	1
847	名+一	2	2
848	但	1	1
848	选举+这+次+的+严谨+程度	6	9
848	比+学生会+大学+选举	4	8
848	更	1	1
849	在	1	1
849	尚	1	1
849	未	1	1
849	候选人+的+国籍	3	6
849	怎+可能	2	3
849	便	1	1
849	整个+程式	2	4
850	他	1	1
850	现在	1	2
850	只	1	1
850	口头	1	2
851	虽然	1	2
851	人	1	1
851	那些+信件	2	4
851	可	1	1
851	其+事	2	2
851	但	1	1
851	都	1	1
851	不过	1	2
851	是	1	1
851	的+口头上	2	4
852	倘若	1	2
852	主席+和+秘书处	3	6
852	对+整个+选举	3	5
852	或	1	1
852	整个+立法会	2	5
852	要	1	1
852	市民+重新+的+信任	4	7
852	将	1	1
852	个+每	2	2
852	便+更+要+程式+得	5	6
852	更	1	1
852	而	1	1
852	按+章	2	2
852	秘书处	1	3
852	不	1	1
852	需要	1	2
852	即	1	1
852	便	1	1
852	不	1	1
853	一+份+书面+具有+和+效力+法律+的+文件	9	14
853	本应	1	2
853	很	1	1
854	即使	1	2
854	我	1	1
854	学生会+选举	2	5
854	亦	1	1
854	需	1	1
854	学生证	1	3
854	我+是+大学+的+学生	5	7
855	如果	1	2
855	连	1	1
855	简单+如此+的+程序	4	7
855	也	1	1
855	不+能	2	2
855	主席	1	2
855	整个+立法会	2	5
855	不	1	1
855	可能	1	2
856	这	1	1
856	是	1	1
856	个+第一	2	3
857	第二+个+问题	3	5
857	我们	1	2
857	现在	1	2
857	尚	1	1
857	未	1	1
857	清楚	1	2
857	多少+议员	2	4
857	能够	1	2
858	规则+基本+最+的+精神	5	8
858	充足+机会	2	4
858	每+位+议员	3	4
858	程序	1	2
859	完全	1	2
859	法律+理据	2	4
859	的	1	1
859	而	1	1
859	秘书长	1	3
859	不+能	2	2
859	基于+无理+质疑	3	6
859	凭+其+个人+判断	4	6
859	向+其他+议员	3	5
859	他	1	1
859	能力	1	2
860	我	1	1
860	这	1	1
860	完全	1	2
860	了	1	1
860	规则	1	2
860	精神	1	2
860	应	1	1
860	的	1	1
861	所有+议员	2	4
861	能够	1	2
861	成功	1	2
861	程式	1	2
861	即	1	1
861	然后	1	2
861	才	1	1
861	主席+立法会+选举	3	7
862	所以	1	2
862	秘书长+陈维安+的+刚才+或+判断+决定	7	14
862	完全	1	2
862	是	1	1
862	的+完全	2	3
862	任何+基础	2	4
862	是	1	1
863	如果	1	2
863	大家	1	2
863	片段	1	2
863	刚才	1	2
863	其实	1	2
863	三+位+议员	3	4
863	已	1	1
863	完整	1	2
863	完	1	1
863	誓词	1	2
864	而	1	1
864	规则	1	2
864	只	1	1
864	议员	1	2
864	完整	1	2
864	出	1	1
864	誓词	1	2
865	所以	1	2
865	秘书长	1	3
865	不+能	2	2
865	以+条件+或+其他+语气	5	8
865	为	1	1
865	他	1	1
866	我	1	1
866	主席	1	2
866	大家+面前	2	4
866	两+大+问题	3	4
867	如果	1	2
867	我们	1	2
867	不	1	1
867	先	1	1
867	这些+问题	2	4
867	然后	1	2
867	才	1	1
867	主席+选举	2	4
867	立法会	1	3
867	便	1	1
867	难以	1	2
868	我	1	1
868	众多+的+直选+议员	4	7
868	广大+民意+基础	3	6
868	很多+议员	2	4
868	都	1	1
868	不	1	1
868	能	1	1
868	这+次+结果	3	4
869	主席	1	2
869	今天	1	2
869	我们	1	2
869	向+香港+人	3	4
869	一+个+程序	3	4
869	得	1	1
869	的	1	1
869	不+能	2	2
869	再	1	1
870	梁君彦+议员	2	5
870	连	1	1
870	正本	1	2
870	都	1	1
870	不+出来	2	3
870	自己+的+国籍	3	5
871	只	1	1
871	文件	1	2
871	一+份+副本	3	4
871	不	1	1
871	副本	1	2
871	的	1	1
872	最	1	1
872	的	1	1
872	他	1	1
872	连	1	1
872	居留权	1	3
872	都	1	1
872	未	1	1
872	能	1	1
873	如果	1	2
873	我们	1	2
873	今+天	2	2
873	在+一+种+粗疏+如此+的+下+情况	8	11
873	程序	1	2
873	立法会	1	3
873	的	1	1
873	主席	1	2
873	就	1	1
873	议员+梁君彦	2	5
873	了	1	1
873	海	1	1
873	便	1	1
873	是	1	1
874	他	1	1
874	当然	1	2
875	我	1	1
875	大家	1	2
875	刚才	1	2
875	的	1	1
875	问题	1	2
875	都	1	1
875	很	1	1
876	以至	1	2
876	哪些+议员	2	4
876	资格	1	2
876	候选人+的+资格	3	6
876	我们	1	2
876	都	1	1
876	未	1	1
876	能	1	1
877	在+混乱+如此+粗疏+的+下+情况	7	11
877	程序	1	2
877	主席	1	2
877	我	1	1
877	你	1	1
877	的	1	1
877	压力	1	2
877	会	1	1
877	很	1	1
878	因此	1	2
878	我	1	1
878	你+主席	2	3
878	能够	1	2
878	耐心	1	2
878	议员+的+意见	3	5
878	然后	1	2
878	裁决	1	2
879	如此	1	2
879	不	1	1
879	能	1	1
879	的	1	1
879	如果	1	2
879	在+一+种+下+情况	5	6
879	立法会+主席+选举	3	7
879	香港+人	2	3
879	会	1	1
879	到	1	1
879	的	1	1
880	主席	1	2
881	对于	1	2
881	你	1	1
881	刚才	1	2
881	所	1	1
881	只有+立法会+主席	3	7
881	才	1	1
881	居留权+限制	2	5
881	候选人	1	3
881	主席	1	2
881	我	1	1
881	完全	1	2
881	不+能	2	2
882	如果	1	2
882	我们	1	2
882	这	1	1
882	一+刻	2	2
882	投票	1	2
882	当选者	1	3
882	下+一+刻	3	3
882	便	1	1
882	立法会+主席	2	5
883	因此	1	2
883	我们	1	2
883	绝对	1	2
883	义务	1	2
883	他	1	1
883	已	1	1
883	所有+手续	2	4
883	英国+居留权	2	5
883	的	1	1
883	并且	1	2
883	出	1	1
883	正本	1	2
883	以	1	1
883	视听	1	2
884	立法会+秘书处	2	6
884	亦	1	1
884	责任	1	2
884	这个+程序	2	4
884	完整+和+地+正确	4	6
885	如果	1	2
885	梁君彦+议员	2	5
885	仍然	1	2
885	无法	1	2
885	出	1	1
885	信件+正本	2	4
885	正规+印章	2	4
885	的	1	1
885	所以	1	2
885	他	1	1
885	应该	1	2
885	不	1	1
885	资格	1	2
886	除了	1	2
886	两+个+投票箱	3	5
886	分别	1	2
886	供	1	1
886	废票	1	2
886	和	1	1
886	给+议员+涂谨申	3	6
886	我们	1	2
886	还	1	1
886	要+议员+为+梁君彦	4	7
886	投票箱	1	3
887	这	1	1
887	相当	1	2
887	任期+未来+立法会+内+会议	5	10
887	如何	1	2
887	跟+港+全+公众+利益	5	7
887	也	1	1
887	莫大+关系	2	4
888	我	1	1
888	这+一+刻	3	3
888	一定	1	2
888	要	1	1
888	这+件+事	3	3
889	如果	1	2
889	议员+梁君彦	2	5
889	无法	1	2
889	出	1	1
889	文件+正本	2	4
889	他	1	1
889	应该	1	2
889	不	1	1
889	资格	1	2
890	我	1	1
890	刚才	1	2
890	只	1	1
890	向+大家	2	3
890	基本法+的+内容	3	6
890	并	1	1
890	没有	1	2
890	个人+意见	2	4
891	由于	1	2
891	主席	1	2
891	不	1	1
891	应	1	1
891	个人+意见	2	4
891	况且	1	2
891	当中	1	2
891	宪制+法律+和+的+问题	5	8
891	我	1	1
891	不	1	1
891	任何+意见	2	4
892	即使	1	2
892	我	1	1
892	出	1	1
892	意见	1	2
892	也	1	1
892	未必	1	2
892	是	1	1
892	最	1	1
893	只	1	1
893	供+大家	2	3
893	而已	1	2
894	任何	1	2
894	项+一	2	2
894	我	1	1
894	以往	1	2
894	过	1	1
894	的	1	1
894	不论	1	2
894	是	1	1
894	学生会	1	3
894	以至	1	2
894	今+天	2	2
894	立法会+的+主席	3	6
895	如果	1	2
895	这	1	1
895	是	1	1
895	正式	1	2
895	主席	1	2
895	议员+梁颂恒	2	5
895	资格	1	2
895	这个+会议	2	4
896	主席	1	2
896	那么	1	2
896	我	1	1
896	我+第一+个+问题	4	6
897	我	1	1
897	想	1	1
897	我	1	1
897	现在	1	2
897	究竟	1	2
897	权	1	1
897	没	1	1
897	这个+会议	2	4
898	未	1	1
898	的	1	1
898	主席	1	2
898	根据+议事+法例+和+相关+规则	6	11
898	任何+议员	2	4
898	不+能	2	2
898	正式+发言+和+会议	4	7
899	主席	1	2
899	那么	1	2
899	我	1	1
899	下+一+个+问题	4	5
899	了	1	1
900	规则+第十二+会议+任期+每+届+的+首+次+条	10	15
900	明	1	1
901	本	1	1
901	宗教+式+或+非宗教+式	5	8
901	在+立法会+任期+每+届+首+次+上+会议	9	13
901	议员	1	2
901	须	1	1
901	按照+条+规则+第一+的+规定	6	10
901	式+宗教+式+或+非宗教+宣誓	6	10
902	会议	1	2
902	的	1	1
902	我	1	1
902	在	1	1
902	所有+议员	2	4
902	式+宗教+式+非宗教+或+宣誓	6	10
902	后	1	1
902	立法会+的+主席	3	6
902	按照+规则+本+第四+条	5	8
902	的	1	1
902	须	1	1
902	程序	1	2
902	主席+立法会+的+选举	4	8
903	主席	1	2
903	这里	1	2
903	次序+先后+的+问题	4	7
904	我们	1	2
904	尚	1	1
904	未	1	1
904	款+第一+的+程序	4	6
904	这+次+会议	3	4
904	的	1	1
904	即	1	1
904	所有+议员	2	4
904	宣誓	1	2
905	试问	1	2
905	怎	1	1
905	能	1	1
905	款+第二+程序	3	5
905	立法会+主席	2	5
905	的	1	1
906	这	1	1
906	是	1	1
906	很+的+严重	3	4
906	规程	1	2
907	既然	1	2
907	我	1	1
907	已	1	1
907	其他+议员	2	4
907	便	1	1
907	不	1	1
907	会	1	1
907	决定	1	2
907	不	1	1
907	议员	1	2
907	的	1	1
908	我	1	1
908	会	1	1
908	他	1	1
909	如果	1	2
909	你	1	1
909	这	1	1
909	是	1	1
909	个+一	2	2
909	正式	1	2
909	你	1	1
909	这样	1	2
909	主席	1	2
909	严重	1	2
909	了	1	1
909	第一+条+规则+议事+的+规定	6	10
910	我	1	1
910	你	1	1
910	重新	1	2
911	我	1	1
911	要	1	1
911	主席	1	2
912	我	1	1
912	议员+谢伟俊	2	5
913	他	1	1
913	不	1	1
914	要	1	1
914	主席	1	2
915	你	1	1
915	可以	1	2
915	质疑	1	2
915	但	1	1
915	我	1	1
915	已	1	1
915	了	1	1
915	决定	1	2
916	经过+选举	2	4
916	的	1	1
916	在席+议员	2	4
916	是	1	1
916	虽然	1	2
916	他	1	1
916	未	1	1
916	但	1	1
916	我	1	1
916	会	1	1
916	他	1	1
917	你	1	1
917	可以	1	2
917	你+的+决定	3	4
918	但	1	1
918	我	1	1
918	想	1	1
918	你+的+决定	3	4
918	是否	1	2
918	你	1	1
918	有关+议员	2	4
918	是否	1	2
918	应该	1	2
918	正式	1	2
919	如果	1	2
919	你	1	1
919	他+的+宣誓	3	4
919	而	1	1
919	他	1	1
919	以+此	2	2
919	基础	1	2
919	你	1	1
919	可	1	1
919	决定	1	2
920	如果	1	2
920	你	1	1
920	有关+宣誓	2	4
920	不	1	1
920	和	1	1
920	不	1	1
920	这样	1	2
920	但	1	1
920	你	1	1
920	便	1	1
920	严重	1	2
920	了	1	1
920	规则+第一+条	3	5
921	即使	1	2
921	任何+议员	2	4
921	未曾	1	2
921	最后+宣誓	2	4
921	他	1	1
921	仍	1	1
921	议员+的+资格	3	5
921	这	1	1
921	就+其+身份	3	4
921	而	1	1
922	当然	1	2
922	你	1	1
922	可以	1	2
922	他	1	1
922	尚	1	1
922	未	1	1
922	尚	1	1
922	未	1	1
922	是	1	1
923	但	1	1
923	问题	1	2
923	你	1	1
923	刚才	1	2
923	尚	1	1
923	未	1	1
923	我	1	1
923	已	1	1
923	你	1	1
924	你	1	1
924	又	1	1
924	如何	1	2
924	呢	1	1
925	当	1	1
925	你	1	1
925	第二+阶段	2	4
925	主席	1	2
925	的	1	1
925	主席	1	2
925	便	1	1
925	已	1	1
925	了	1	1
925	阶段+第一+的+宣誓+仪式	5	9
926	所以	1	2
926	你	1	1
926	不	1	1
926	要	1	1
926	错	1	1
926	这个+逻辑	2	4
927	你	1	1
927	得	1	1
928	不过	1	2
928	问题	1	2
928	尚	1	1
928	未	1	1
928	人	1	1
928	他+的+资格	3	4
928	他	1	1
928	未	1	1
929	你	1	1
929	先前	1	2
929	在+上+会议	3	4
929	没	1	1
929	人	1	1
929	你+的+资格	3	4
929	所以	1	2
929	你	1	1
929	资格	1	2
930	我	1	1
930	主席	1	2
930	他	1	1
931	不	1	1
931	资格	1	2
932	下+一+步	3	3
932	会	1	1
932	的	1	1
932	这	1	1
932	是	1	1
933	我	1	1
933	只	1	1
933	议员	1	2
933	要	1	1
933	阶段+第一+的+宣誓	4	7
933	资格	1	2
933	才	1	1
933	第二+阶段	2	4
933	会议	1	2
934	你	1	1
934	可以	1	2
934	我+的+做法	3	4
935	但	1	1
935	我	1	1
935	你们	1	2
935	尚未	1	2
935	已	1	1
935	资格	1	2
935	按照+刚才+的+程序	4	7
935	在+会议厅	2	4
935	我	1	1
935	基于+这个+理念	3	6
935	决定	1	2
936	你	1	1
936	我	1	1
936	是	1	1
936	理据	1	2
936	我	1	1
936	已	1	1
936	向+你	2	2
937	无论	1	2
937	你	1	1
937	与	1	1
937	又	1	1
937	或	1	1
937	我+的+决定	3	4
937	是	1	1
937	或	1	1
938	如果	1	2
938	你	1	1
938	仍	1	1
938	我	1	1
938	为	1	1
938	并	1	1
938	我	1	1
938	为	1	1
938	你	1	1
938	便	1	1
938	要	1	1
938	我+的+决定	3	4
939	除非	1	2
939	你	1	1
939	不	1	1
939	把	1	1
939	我	1	1
939	主席	1	2
939	那	1	1
939	就	1	1
939	不用	1	2
939	我+这+决定	3	4
940	议员+梁颂恒	2	5
940	你	1	1
940	是否	1	2
940	要	1	1
941	主席	1	2
941	我	1	1
941	你	1	1
941	不	1	1
941	想	1	1
941	丑人	1	2
941	但	1	1
941	你	1	1
941	不	1	1
941	可以	1	2
941	规则	1	2
942	规则+第一+条	3	5
942	未	1	1
942	议员	1	2
942	便	1	1
942	不	1	1
942	能	1	1
942	会议	1	2
943	你	1	1
943	可以	1	2
943	质疑	1	2
943	但	1	1
943	我	1	1
943	刚才	1	2
943	已	1	1
943	决定	1	2
944	权	1	1
944	规则	1	2
944	你	1	1
944	这+决定	2	3
945	你	1	1
945	根本	1	2
945	power	1	5
945	这+决定	2	3
946	我	1	1
946	已	1	1
946	了	1	1
947	我+的+决定	3	4
947	可以	1	2
947	是	1	1
947	或	1	1
948	无论	1	2
948	但	1	1
948	我	1	1
948	今天	1	2
948	不	1	1
948	会	1	1
948	跟+你	2	2
949	这	1	1
949	是	1	1
949	的+错	2	2
950	你	1	1
950	是否	1	2
950	要	1	1
950	规则+的+决定	3	5
951	我	1	1
951	已	1	1
951	决定	1	2
952	如果	1	2
952	你	1	1
952	不	1	1
952	我+的+决定	3	4
952	可以	1	2
952	向+法庭	2	3
952	质疑	1	2
953	为何	1	2
953	你+这些+话	3	4
953	不	1	1
953	跟+他们	2	3
954	为何	1	2
954	你	1	1
954	不	1	1
954	他们	1	2
954	向+法庭	2	3
954	要	1	1
954	你+的+决定	3	4
955	我	1	1
955	不	1	1
955	吗	1	1
955	已	1	1
955	了	1	1
956	为何	1	2
956	你+这些+话	3	4
956	只	1	1
956	对+我	2	2
956	却	1	1
956	对+身旁+不+你+的+人	6	7
957	我	1	1
957	已经	1	2
957	决定	1	2
957	他+让	2	2
958	梁耀忠	1	3
958	为何	1	2
958	要	1	1
958	呢	1	1
959	你	1	1
959	可否	1	2
959	公正+和+中立	3	5
959	按照+规则	2	4
960	我	1	1
960	你	1	1
960	不	1	1
960	会	1	1
960	丑人	1	2
960	也	1	1
960	不	1	1
960	想	1	1
960	你	1	1
961	你	1	1
961	只	1	1
961	需	1	1
961	按照+规则	2	4
961	便	1	1
962	我	1	1
962	的	1	1
962	根据+议事+规则	3	6
962	决定	1	2
962	便	1	1
962	是	1	1
962	最终	1	2
963	主席	1	2
963	规程	1	2
964	大家	1	2
964	先	1	1
964	下	1	1
965	规程	1	2
965	主席	1	2
965	立法会	1	3
965	是	1	1
965	的+庄严	2	3
966	你	1	1
966	那些+身旁+你+在+的+议员	6	9
966	座位	1	2
967	大家	1	2
967	并	1	1
967	下	1	1
968	议员+梁美芬	2	5
968	我	1	1
968	还	1	1
968	未	1	1
968	你	1	1
968	下	1	1
969	我	1	1
969	不	1	1
969	主席	1	2
970	我	1	1
970	身旁+你+在+的+议员	5	7
970	可以	1	2
970	座位	1	2
970	因为	1	2
970	我们	1	2
970	很	1	1
971	我们	1	2
971	人+你+一+个+主席	5	6
971	会议	1	2
972	不	1	1
972	应	1	1
972	五+个+人	3	3
973	你	1	1
973	不	1	1
973	这些+人	2	3
973	来	1	1
973	吗	1	1
974	教授	1	2
975	我们	1	2
975	非常	1	2
976	我	1	1
976	主席	1	2
977	这+五+位+议员	4	5
977	座位	1	2
977	因为	1	2
977	立法会	1	3
977	议事	1	2
978	刚才+的+会议	3	5
978	本来	1	2
978	得	1	1
978	很	1	1
979	条+第四十二	2	5
979	清楚	1	2
979	明	1	1
980	只	1	1
980	你们	1	2
980	这些+问题	2	4
980	会议	1	2
980	便	1	1
980	不	1	1
980	能	1	1
981	主席	1	2
981	我	1	1
981	你	1	1
981	那+五+位+议员	4	5
981	座位	1	2
982	议员+梁美芬	2	5
982	我	1	1
982	还	1	1
982	未	1	1
982	你	1	1
983	你	1	1
983	先	1	1
983	下	1	1
984	位+下+一+是+议员	5	6
985	议员+梁颂恒	2	5
985	尚	1	1
985	未	1	1
985	完	1	1
986	议员+梁颂恒	2	5
986	你	1	1
986	刚才	1	2
986	下来	1	2
987	我	1	1
987	你	1	1
987	已	1	1
987	完毕	1	2
988	你	1	1
989	主席	1	2
989	我	1	1
989	到+哪里	2	3
990	刚才	1	2
990	较为	1	2
991	其实	1	2
991	在	1	1
991	中	1	1
992	议员	1	2
992	下	1	1
993	在	1	1
993	我	1	1
993	议员	1	2
993	前	1	1
993	先	1	1
993	下	1	1
994	议员+梁颂恒	2	5
995	在+任何+中+选举	4	6
995	重要+最+的+两+点	5	6
995	就	1	1
995	是	1	1
995	候选人	1	3
995	及	1	1
995	选民	1	2
996	现在	1	2
996	了	1	1
996	两+个+问题	3	4
997	第一	1	2
997	的+候选人	2	4
997	资格	1	2
998	刚才	1	2
998	多+位+议员	3	4
998	已	1	1
998	过	1	1
998	这+点	2	2
998	我	1	1
998	不	1	1
999	第二+个+问题	3	5
999	关于+投票人+的+资格	4	8
999	议事+规则	2	4
999	明	1	1
999	的	1	1
999	上+一+项+程序	4	5
999	根本	1	2
999	未	1	1
1000	如何	1	2
1000	下+一+会议+步	4	5
1000	主席	1	2
1000	的	1	1
1001	规则	1	2
1001	已	1	1
1001	清楚	1	2
1001	明	1	1
1001	至+程序	2	3
1001	由	1	1
1001	议员	1	2
1001	的	1	1
1001	主席	1	2
1002	在+第十二+会议+任期+每+届+的+首+次+条	10	14
1002	已	1	1
1002	明确+规定	2	4
1003	所以	1	2
1003	主席	1	2
1003	你	1	1
1003	先	1	1
1003	规则	1	2
1003	以	1	1
1003	事项+各+的+先后+次序	5	8
1004	应该	1	2
1004	每+位+议员	3	4
1004	会议	1	2
1004	的	1	1
1004	式+宗教+式+或+非宗教+出	6	9
1004	宣誓	1	2
1004	后	1	1
1004	再	1	1
1004	按照+规则+第四+条	4	7
1004	程序	1	2
1004	主席	1	2
1004	的	1	1
