sent_id	lds_text	word_n	character_n
651	刚才+	1	2
651	秘书处+	1	3
651	已+宣布+	2	3
651	五+分钟+后+	3	4
651	复会+	1	2
652	现在+	1	2
652	时间+	1	2
652	已+过+了+	3	3
652	五+分钟+	2	3
653	我+	1	1
653	想+	1	1
653	跟+大家+说+	3	4
653	今天+的+	2	3
653	会议+分为+	2	4
653	两+部分+	2	3
654	大家+	1	2
654	已+完成+的+	3	4
654	第一+部分+	2	4
654	是+	1	1
654	宣誓+	1	2
655	而+	1	1
655	第二+部分+是+	3	5
655	选举+	1	2
655	立法会+主席+	2	5
656	我+知道+	2	3
656	有+同事+	2	3
656	对+	1	1
656	主席+候选人+的+	3	6
656	国籍+问题+有+些+	4	6
656	意见+	1	2
657	要求+候选人+	2	5
657	就+	1	1
657	某些+方面+作出+澄清+	4	8
658	由于+	1	2
658	会议+	1	2
658	并+没有+	2	3
658	任何+程序+	2	4
658	容许+我们+	2	4
658	在+会议厅+内+	3	5
658	进行+澄清+提问+	3	6
658	辩论+	1	2
658	或+谘询+	2	3
658	等+	1	1
658	因此+	1	2
658	我们+	1	2
658	不+可以+	2	3
658	进行+	1	2
658	这些+工作+	2	4
659	为+让+	2	2
659	一些+	1	2
659	议员+	1	2
659	关注+	1	2
659	此+事+	2	2
659	的+	1	1
659	能+获+澄清+	3	4
659	不过+	1	2
659	我+建议+	2	3
659	梁君彦+议员+	2	5
659	稍后+	1	2
659	到+会议厅+外+	3	5
659	向+	1	1
659	新闻+传媒+交代+	3	6
659	他+的+	2	2
659	国籍+问题+	2	4
660	亦+	1	1
660	可+出去+	2	3
660	聆听+	1	2
660	阐述+	1	2
660	以及+	1	2
660	可以+	1	2
660	他+提问+	2	3
661	议事+	1	2
661	根据+	1	2
661	规则+	1	2
661	不+	1	1
661	能+容许+大家+	3	5
661	提问+	1	2
661	或+作出+	2	3
661	任何+讨论+	2	4
662	现在+请+	2	3
662	听取+	1	2
662	交代+	1	2
663	我+预期+	2	3
663	将+	1	1
663	在+下午+	2	3
663	二+时+	2	2
663	三十+分+	2	3
663	正式+恢复+	2	4
664	我+的+	2	2
664	发言+	1	2
664	到此+结束+	2	4
665	现在+暂停+会议+	3	6
666	现在+是+	2	3
666	三十五+分+	2	4
666	原先+宣布+	2	4
666	恢复+会议+	2	4
666	较+	1	1
666	时间+迟+了+	3	4
667	不+想+	2	2
667	再+延迟+	2	3
668	现在+宣布+	2	4
668	正式+复会+	2	4
669	现+	1	1
669	已+恢复+	2	3
669	我+希望+	2	3
669	所有+同事+返回+	3	6
669	自己+的+	2	3
669	座位+	1	2
670	让+我们+	2	3
670	有+秩序+	2	3
670	地+	1	1
670	今天+	1	2
670	程式+	1	2
670	选举+主席+	2	4
671	再+请+	2	2
671	所有+同事+	2	4
671	返回+	1	2
672	有+议员+	2	3
672	想+提出+	2	3
672	规程+问题+	2	4
673	但+请+	2	2
673	其他+同事+	2	4
673	秘书+	1	2
673	先行+返回+座位+	3	6
673	让+	1	1
673	帮+我+	2	2
673	做+	1	1
673	文书+工作+	2	4
674	没有+秘书+	2	4
674	帮忙+	1	2
674	处理+上+	2	3
674	否则+	1	2
674	会+	1	1
674	比较+困难+	2	4
675	其他+议员+	2	4
675	先+返回+座位+	3	5
675	可以+进行+会议+	3	6
676	如果+	1	2
676	大家+有+	2	3
676	任何+	1	2
676	可以+提出+	2	4
677	会+给+大家+	3	4
678	主席+	1	2
678	想+问+	2	2
678	有+否+	2	2
678	处理+	1	2
679	他+刚才+	2	3
680	我+说+过+	3	3
680	有关+梁君彦+议员+	3	7
680	今天+会议+的+	3	5
680	讨论+范畴+	2	4
681	好+的+	2	2
682	请+	1	1
682	先+让+我+	3	3
682	说+	1	1
682	可以+吗+	2	3
683	已经+说+过+	3	4
683	为了+让+大家+	3	5
683	进一步+了解+	2	5
683	有关+	1	2
683	梁君彦+议员+的+	3	6
683	或+要求+他+	3	4
683	澄清+	1	2
683	已+	1	1
683	作出+特别+安排+时间+	4	8
683	让+梁+议员+	3	4
683	在+会议厅+外+	3	5
683	向+传媒+作出+交代+	4	7
683	和+澄清+	2	3
684	各位+	1	2
684	有+出席+	2	3
684	便+	1	1
684	应该+知道+	2	4
684	情况+如何+	2	4
685	无论+	1	2
685	当事人+	1	3
685	如何+澄清+	2	4
685	及+解释+	2	3
685	在+	1	1
685	这个+会议+上+	3	5
685	能+保证+	2	3
685	令+大家+	2	3
685	满意+	1	2
686	作为+	1	2
686	会议+主持人+	2	5
686	只+	1	1
686	能+	1	1
686	会议+规则+进行+程序+	4	8
687	议员+想+确保+	3	5
687	问题+得到+	2	4
687	满意+的+	2	3
687	答复+	1	2
687	其他+场合+提出+	3	6
688	会议+中+	2	3
688	则+没有+办法+	3	5
688	这个+问题+	2	4
689	现在+想+问一问+	3	6
689	有+	1	1
689	哪些+议员+	2	4
689	曾+举手+	2	3
690	我+看+	2	2
690	不+到+	2	2
691	请+秘书+	2	3
691	表示+	1	2
691	把+	1	1
691	议员+名单+交+	3	5
691	给+我+	2	2
692	因为+	1	2
693	跟+大家+争论+	3	5
693	其他+问题+	2	4
693	我+没有+权力+	3	5
693	这样+做+	2	3
694	只是+执行+	2	4
694	会议+规则+	2	4
695	其实+	1	2
695	也+	1	1
695	不+是+	2	2
695	很+想+主持+	3	4
695	这+会议+	2	3
696	担任+议员+	2	4
696	最+长+的+	3	3
696	附表+一+	2	3
696	第六+	1	2
696	及+七+	2	2
696	段+的+	2	2
696	规定+	1	2
696	由+	1	1
696	我+来+	2	2
696	主持+会议+	2	4
697	能+主持+	2	3
697	投票+的+	2	3
697	过程+	1	2
698	其他+事情+	2	4
698	无法+处理+	2	4
699	我+处理+的话+	3	5
699	便+违反+	2	3
700	不+合法+的+	3	4
701	如果+要+我+	3	4
701	表明+	1	2
701	这+个+	2	2
701	究竟+是+	2	3
701	否+	1	1
701	合法+	1	2
701	只+能够+说+	3	4
701	是+合法+的+	3	4
702	再+请+大家+	3	4
702	先+返回+	2	3
703	会+邀请+大家+	3	5
704	不+离开+	2	3
704	又+怎样+呢+	3	4
705	真的+	1	2
705	不+返回+座位+	3	5
705	不+要紧+	2	3
706	不要+作出+骚扰+	3	6
706	但+	1	1
706	以便+	1	2
706	可+继续+	2	3
707	秘书+给+我+	3	4
707	提出+	1	2
707	名单+	1	2
707	第一+位+	2	3
707	是+毛孟静+议员+	3	6
708	规程+	1	2
708	能够+涉及+	2	4
709	如果+有+	2	3
709	请+议员+	2	3
710	现在+请+毛孟静+议员+	4	8
711	感谢+主席+	2	4
712	故意+	1	2
712	要+为难+你+	3	4
712	或+什么+	2	3
713	还+	1	1
713	要+感谢+	2	3
713	你+	1	1
713	试图+安排+我们+	3	6
713	解释+	1	2
714	已+听+罢+	3	3
715	他+说+	2	2
715	第一+封+	2	3
715	信+是+	2	2
715	关乎+	1	2
715	其+国籍+	2	3
715	或+	1	1
715	外国+居留权+	2	5
715	问题+	1	2
716	信+中+	2	2
716	声明+	1	2
716	附上+	1	2
716	放弃+国籍+	2	4
717	相关+的+	2	3
717	却+	1	1
717	并不+存在+	2	4
718	原来+	1	2
718	那+	1	1
718	一+封+	2	2
718	电邮+	1	2
719	第二+封+	2	3
719	信+	1	1
719	才+	1	1
719	是+正本+	2	3
720	他+	1	1
720	暂时+	1	2
720	仍+	1	1
720	未+收+到+	3	3
721	就+此+提出+	3	4
722	基本法+	1	3
722	已+订明+	2	3
722	必须+	1	2
722	在+外国+无+居留权+	4	7
723	即使+	1	2
723	两+封+	2	2
723	都+是+	2	2
723	由+政府+发出+	3	5
723	一定+	1	2
723	法律+文件+	2	4
724	最+主要+	2	3
724	想+看+的+	3	3
724	放弃+	1	2
724	那+份+	2	2
724	国籍+声明+	2	4
725	我+本人+	2	3
725	也+有+	2	2
725	一+份+	2	2
726	我们+是+	2	3
726	应+待+	2	2
726	他+收+到+	3	3
726	有关+文件+	2	4
727	所有+事情+	2	4
727	皆+	1	1
727	被+	1	1
727	正式+确认+后+	3	5
727	才+展开+	2	3
727	程序+	1	2
727	呢+	1	1
728	谢谢+	1	2
728	毛孟静+议员+	2	5
729	刚才+说+过+	3	4
729	你+的+	2	2
729	事情+	1	2
729	与+选举+有关+的+	4	6
730	却+要求+	2	3
731	已+作出+	2	3
731	特别+安排+	2	4
731	让+梁君彦+议员+	3	6
731	向+大家+	2	3
731	和+	1	1
731	社会+大众+	2	4
731	作出+澄清+	2	4
731	及+交代+	2	3
732	至于+	1	2
732	能+否+	2	2
732	回应+	1	2
732	刚才+的+	2	3
732	并不+	1	2
732	能够+提出+	2	4
732	任何+意见+	2	4
733	对+大家+说+	3	4
733	鉴于+	1	2
733	已经+	1	2
733	一而再再而三+	1	6
733	地+提供+资料+	3	5
733	并+	1	1
733	公开+场合+作出+澄清+	4	8
733	大+	1	1
733	可+	1	1
733	自行+决定+	2	4
733	会+否+	2	2
733	投票+	1	2
733	支持+他+	2	3
734	大家+认为+	2	4
734	未+	1	1
734	能+回应+	2	3
734	大家+的+	2	3
734	可以+决定+	2	4
734	寻求+	1	2
735	那么+	1	2
735	梁天琦+	1	3
735	不+应该+	2	3
735	对+吗+	2	2
736	不+知道+	2	3
736	真的+有+	2	3
736	合法+权利+	2	4
736	参选+	1	2
736	梁耀忠+议员+	2	5
736	却+要求+我们+	3	5
736	吗+	1	1
736	自行+考虑+	2	4
736	给+他+	2	2
737	你+是+否+	3	3
737	可+要求+	2	3
737	选民+	1	2
737	给+梁天琦+	2	4
738	规则+附表+一+	3	5
738	所+订+的+	3	3
738	立法会+主席+的+	3	6
738	须+	1	1
738	按照+	1	2
738	程序+进行+	2	4
739	有关+的+	2	3
739	条文+是+	2	3
739	容许+议员+	2	4
739	会议+上+	2	3
739	候选人+的+	2	4
739	事宜+进行+讨论+	3	6
740	事实上+	1	3
740	讨论+	1	2
740	已+在+	2	2
740	论坛+上+	2	3
740	昨天+	1	2
740	特别+安排+的+	3	5
741	要求+讨论+	2	4
742	我+要求+的+	3	4
742	法律+上+	2	3
743	要+提供+	2	3
743	声明+的+	2	3
743	正式+文件+	2	4
743	英国+国籍+	2	4
744	最+好+	2	2
744	当然+	1	2
745	暂时+没有+正本+	3	6
745	向+我们+提供+	3	5
745	也+可以+	2	3
746	现时+	1	2
746	已经+说+得+	3	4
746	很+清楚+	2	3
747	便+是+	2	2
747	理解+	1	2
747	仍未+收到+	2	4
747	相关+文件+	2	4
748	试问+	1	2
748	怎+	1	1
748	在+这里+进行+	3	5
748	选举+的+	2	3
749	据+	1	1
749	我+了解+	2	3
749	基本法+订明+	2	5
749	不+能够+拥有+	3	5
749	其他+国家+的+	3	5
749	居留权+	1	3
750	这+方面+	2	3
750	清楚+订明+	2	4
750	没有+提及+候选人+	3	7
751	要+	1	1
751	与+大家+辩论+	3	5
751	想+澄清+的话+	3	5
751	应该+透过+	2	4
751	其他+途径+	2	4
752	具有+	1	2
752	法律+背景+	2	4
752	既+	1	1
752	非+	1	1
753	主席+的+	2	3
753	身份+	1	2
753	不+能够+作+	3	4
753	任何+回答+	2	4
754	只+能够+	2	3
755	不好意思+	1	4
755	特别+	1	2
755	觉得+	1	2
755	这样+插言+	2	4
755	不+礼貌+	2	3
757	说法+	1	2
757	能够+拥有+	2	4
758	要+进行+选举+	3	5
758	的话+	1	2
758	但是+	1	2
758	有+人+	2	2
758	于+	1	1
758	半+小时+	2	3
758	十+分钟+后+	3	4
758	便会+当选+主席+	3	6
759	在+今天+内+	3	4
759	正式+声明+	2	4
759	所+说+的+	3	3
760	你+说+得+	3	3
761	多谢+	1	2
762	就+是+	2	2
762	一旦+	1	2
762	他+当选+	2	3
762	发觉+	1	2
762	条件+	1	2
762	不+符合+规定+	3	5
762	应该+成为+主席+	3	6
763	这+	1	1
763	是+正确+的+	3	4
764	问题+是+	2	3
764	能够+建议+他+	3	5
764	接着+	1	2
764	该+	1	1
764	怎样+做+	2	3
764	我+没有+	2	3
765	能够+主持+	2	4
766	你+坐+	2	2
766	在+这里+	2	3
766	做+什么+	2	3
768	想+澄清+	2	3
768	坐+	1	1
769	只是+做+	2	3
769	两+件+	2	2
769	事+	1	1
770	第一+主持+	2	4
770	主席+选举+的+	3	5
771	第二+宣布+	2	4
771	哪+位+	2	2
771	候选人+当选+	2	5
773	应该+做+	2	3
773	其他+事+	2	3
774	最后+	1	2
774	一+个+	2	2
775	为了+抗争+	2	4
775	为+表示+	2	3
775	不+同意+	2	3
775	现时+的+	2	3
775	也+走+出来+	3	4
775	站+	1	1
775	你+后面+	2	3
775	不+会+离开+	3	4
776	你+呼吁+我+	3	4
776	离开+	1	2
776	会+离开+	2	3
777	大家+是+	2	3
777	一直+	1	2
777	这样+继续+下去+	3	6
778	不+影响+	2	3
778	投票+程序+	2	4
778	我+是+	2	2
778	不+会+阻止+你+	4	5
779	在+投票+前+	3	4
779	首先+	1	2
779	需要+确定+	2	4
779	我+梁颂恒+	2	4
779	和+姚松炎+	2	4
779	三+位+	2	2
779	投票权+	1	3
780	无+权+	2	2
780	确定+	1	2
780	你们+是+	2	3
780	有+权+	2	2
781	能够+接受+	2	4
781	包括+候选人+	2	5
781	有+资格+	2	3
782	应该+	1	2
782	向+秘书处+提出+	3	6
782	向+我+提出+	3	4
782	代表+秘书处+	2	5
782	说话+	1	2
783	要+提出+	2	3
784	第二+位+	2	3
784	是+许智峯+议员+	3	6
785	我+想+	2	2
785	清醒+地+	2	3
785	想想+	1	2
785	今天+是+	2	3
786	我+清醒+	2	3
786	与+否+	2	2
786	由+你+判断+	3	4
787	应该+继续+	2	4
787	进行+会议+	2	4
787	并+选举+主席+	3	5
788	多+位+	2	2
788	非+建制+派+议员+	4	6
788	不+信纳+	2	3
788	完全+放弃+英籍+	3	6
788	或+放弃+	2	3
788	英国+的+	2	3
789	要+我们+	2	3
789	这+种+	2	2
789	情况+下+	2	3
789	不+公道+	2	3
790	第一+点+	2	3
791	在+宣誓+时+	3	4
791	第二+	1	2
791	你+身后+的+	3	4
791	数+位+	2	2
791	遇到+	1	2
791	一些+障碍+	2	4
792	负责+	1	2
792	监誓+	1	2
792	秘书长+	1	3
792	没有+处理+	2	4
792	他们+的+	2	3
793	并+表示+	2	3
793	稍后+举行+的+	3	5
793	他们+	1	2
793	主席+选举+中+	3	5
793	不+可以+投票+	3	5
794	议员+认为+	2	4
794	所+采用+的+	3	4
794	宣誓+方式+	2	4
794	历+届+	2	2
794	立法会+议员+	2	5
794	曾+采用+	2	3
794	类似+方式+	2	4
794	却+没有+问题+	3	5
795	这+证明+	2	3
795	过程+出现+问题+	3	6
796	令+	1	1
796	无法+进行+投票+	3	6
796	公平+	1	2
796	及+符合+	2	3
796	程序+公义+	2	4
796	不+会+	2	2
797	想+请+你+	3	3
797	决定+	1	2
797	面对+	1	2
797	那么+多+	2	3
797	程序+公义+问题+	3	6
797	应+否+	2	2
797	继续+	1	2
797	选+出+	2	2
797	一+位+	2	2
797	没有+	1	2
797	任何+代表性+	2	5
798	你+担任+	2	3
798	代理+	1	2
798	不+容易+	2	3
799	我+支持+你+	3	4
799	执行+	1	2
799	议事+规则+	2	4
799	包括+	1	2
799	维持+	1	2
799	议会+的+	2	3
799	秩序+	1	2
799	确保+	1	2
799	我们+选举+主席+	3	6
799	能够+	1	2
799	顺利+完成+	2	4
800	宪制+工作+	2	4
800	全+	1	1
800	港+市民+	2	3
800	正在+看+着+	3	4
801	此外+	1	2
801	也+了解+一下+	3	5
802	合理+理由+	2	4
802	你+身后+	2	3
802	及+旁边+	2	3
802	站+着+	2	2
803	我+恐怕+	2	3
803	这些+议员+	2	4
803	已+涉嫌+	2	3
803	违反+	1	2
804	希望+	1	2
804	你+考虑+	2	3
804	返回+座位+	2	4
805	经过+	1	2
805	多次+劝谕+	2	4
805	我+认为+	2	3
805	应+执行+	2	3
805	以+维持+	2	3
807	第二+点+	2	3
807	关于+	1	2
807	议员+的+	2	3
808	我+同意+	2	3
808	判断+	1	2
808	按照+法例+	2	4
808	依法+	1	2
808	为+我们+监誓+	3	5
809	亦+认为+	2	3
809	依照+	1	2
809	誓词+的+	2	3
809	内容+完成+宣誓+	3	6
810	过程+中+	2	3
810	能+参与+表决+	3	5
811	我+相信+	2	3
811	这+情况+	2	3
811	所有+议员+	2	4
811	都+明白+	2	3
812	能+完成+宣誓+	3	5
812	能+参与+选举+	3	5
813	他+怀疑+	2	3
813	能+完成+	2	3
813	所有+	1	2
813	议员+给予+	2	4
813	多+	1	1
813	一+次+	2	2
813	机会+	1	2
813	宣誓+的+	2	3
814	这+做法+	2	3
814	已经+兼顾+到+	3	5
814	人情+上+	2	3
814	考虑+	1	2
815	大家+质疑+	2	4
815	第三+点+	2	3
815	早+	1	1
815	很+关心+	2	3
815	多+次+请+梁+议员+	5	6
815	要求+他+	2	3
815	确认+	1	2
816	多次+	1	2
816	确定+地+	2	3
816	已经+处理+好+	3	5
817	及后+	1	2
817	已+提供+	2	3
817	英国+领事馆+发出+的+	4	8
817	供+大家+参阅+	3	5
818	可以+要求+梁+议员+	4	7
818	提供+	1	2
818	证书+	1	2
819	这+点+	2	2
820	我+看+过+	3	3
820	后+	1	1
820	最低限度+认为+	2	6
820	到+此刻+没有+	3	5
820	其他+	1	2
820	新+证据+	2	3
820	指+	1	1
820	梁+议员+	2	3
820	英籍+问题+	2	4
820	未+处理+	2	3
821	已+定+了+	3	3
821	今+天+选举+主席+	4	6
821	既然+	1	2
821	所+订定+的+	3	4
821	应+	1	1
821	时间+安排+	2	4
822	正如+	1	2
822	其他+选举+一样+	3	6
822	可能+	1	2
822	会+质疑+	2	3
822	不同+候选人+的+	3	6
822	某些+声明+有误+	3	6
823	日后+	1	2
823	透过+	1	2
823	不同+方式+跟进+	3	6
823	司法+覆核+	2	4
823	法律+程序+	2	4
824	作为+议员+	2	4
824	都+	1	1
824	很+理解+	2	3
825	公平+公正+地+	3	5
825	顺利+选+出+	3	4
826	我+留意+到+	3	4
826	有些+同事+	2	4
826	两+位+	2	2
826	其中+	1	2
826	一+人+的+	3	3
826	资格+提+出+	3	4
826	了+	1	1
826	或+质疑+	2	3
827	虽然+	1	2
827	不同+	1	2
827	政治+立场+的+	3	5
827	此+事+抱持+	3	4
827	不同+的+	2	3
827	态度+	1	2
827	会议厅+内+	2	4
827	而+阻碍+	2	3
827	今+	1	1
827	天+	1	1
827	既定+的+	2	3
827	议程+	1	2
828	我们+完成+宣誓+	3	6
828	至今+	1	2
828	已+浪费+了+	3	4
828	两+小时+	2	3
829	阁下+的+	2	3
829	工作+	1	2
829	只是+主持+	2	4
829	今+天+	2	2
829	这+项+	2	2
829	主席+选举+	2	4
829	所以+	1	2
829	不要+	1	2
829	再+浪费+时间+	3	5
829	直接+进入+	2	4
829	立法会+主席+选举+的+	4	8
831	刚才+提+	2	3
831	到+	1	1
831	观点+	1	2
831	最+严谨+	2	3
831	最+谨慎+合理+	3	5
831	做法+	1	2
832	我们+看+到+	3	4
832	前+	1	1
832	实+	1	1
832	难以+	1	2
832	单凭+	1	2
832	相关+文件+的+	3	5
832	副本+予以+确认+	3	6
832	我们+相信+他+	3	5
833	今+次+选举+主席+	4	6
833	后果+	1	2
833	十分+重大+	2	4
833	足以+	1	2
833	带来+	1	2
833	宪制+危机+	2	4
834	如此+草率+仓促+	3	6
835	也+有+同事+	3	4
835	提+到+	2	2
835	英国+国籍法+	2	5
835	所+订+	2	2
835	有关+取消+国籍+	3	6
835	和+居留权+	2	4
835	另+一+	2	2
835	点+	1	1
835	问题+上+	2	3
835	当中+	1	2
835	仍+有+争议+	3	4
836	似乎+	1	2
836	充分+谘询+	2	4
836	法律+意见+	2	4
837	第七十一+条+所+	3	6
837	指+的+	2	2
837	此+情况+下+	3	4
837	外国+居留权+问题+	3	7
837	未+澄清+之前+	3	5
837	一+刻+选举+	3	4
838	刚才+提到+	2	4
839	你+说+	2	2
839	责任+是+	2	3
839	得+出+	2	2
839	结果+	1	2
839	作+出+	2	2
839	宣布+	1	2
840	其实+有+	2	3
840	一+件+	2	2
840	也+属于+	2	3
840	权力+范围+	2	4
840	中止+	1	2
840	整个+会议+	2	4
841	这些+	1	2
841	法律+观点+	2	4
841	或+风险+	2	3
841	你+认为+	2	3
841	不+适宜+	2	3
841	就+选举+	2	3
842	多谢+主席+	2	4
843	第一+次+	2	3
843	参与+	1	2
843	立法会+会议+	2	5
844	李慧琼+议员+	2	5
844	所+言+	2	2
844	很多+香港+人+	3	5
844	正在+观看+	2	4
844	和+关注+	2	3
844	这+次+	2	2
845	正+	1	1
845	因+如此+	2	3
845	对+自己+	2	3
845	应+有+	2	2
845	更+高+的+	3	3
845	要求+	1	2
846	最大+的+	2	3
846	是+什么+	2	3
847	一+名+	2	2
847	大学生+	1	3
848	严谨+程度+	2	4
848	比+	1	1
848	大学+学生会+选举+	3	7
848	更+不如+	2	3
849	尚+	1	1
849	未+确定+	2	3
849	国籍+	1	2
849	怎+可能+	2	3
849	便+开展+	2	3
849	整个+程式+	2	4
850	只+是+	2	2
850	口头+表示+	2	4
851	虽然+有+人+	3	4
851	那些+信件+	2	4
851	可+证实+	2	3
851	其+事+	2	2
851	口头上+的+	2	4
852	倘若+	1	2
852	和+主席+	2	3
852	整个+选举+负责+	3	6
852	或+觉得+	2	3
852	整个+立法会+	2	5
852	要+取信于民+	2	5
852	重新+	1	2
852	取得+	1	2
852	市民+的+	2	3
852	信任+	1	2
852	更+	1	1
852	每+个+	2	2
852	做+得+	2	2
852	更+严谨+	2	3
852	按+章+工作+	3	4
852	秘书处+说+	2	4
852	需要+查+	2	3
852	即+	1	1
852	不+查+	2	2
853	书面+	1	2
853	和+具有+	2	3
853	法律+效力+	2	4
853	文件+	1	2
853	本应+	1	2
853	很+简单+	2	3
854	我+参加+	2	3
854	学生会+选举+	2	5
854	需+提供+学生证+	3	6
854	证明+	1	2
854	大学+的+	2	3
854	学生+	1	2
855	连+	1	1
855	如此+简单+的+	3	5
855	不+能+完成+	3	4
855	可能+取信于人+	2	6
856	第一+个+	2	3
857	第二+个+	2	3
857	未+弄+清楚+	3	4
857	多少+议员+	2	4
857	能够+投票+	2	4
858	最+基本+的+	3	4
858	精神+是+	2	3
858	充足+机会+	2	4
858	每+位+	2	2
858	完成+	1	2
859	完全+没有+	2	4
859	法律+理据+	2	4
859	不+能+	2	2
859	基于+	1	2
859	无理+质疑+	2	4
859	凭+	1	1
859	其+	1	1
859	个人+判断+	2	4
859	其他+议员+表示+	3	6
859	他+没有+能力+	3	5
859	主持+	1	2
860	这+是+	2	2
860	完全+违反+了+	3	5
860	精神+	1	2
860	应+有+的+	3	3
861	成功+完成+	2	4
861	然后+	1	2
861	才+进行+	2	3
861	立法会+主席+选举+	3	7
862	秘书长+陈维安+	2	6
862	决定+或+	2	3
862	完全+	1	2
862	任何+基础+	2	4
863	大家+翻看+	2	4
863	片段+	1	2
863	刚才+录影+	2	4
863	完整+读+完+	3	4
863	誓词+	1	2
864	只+规定+	2	3
864	完整+读+出+	3	4
865	以+语气+	2	3
865	其他+条件+	2	4
865	为+标准+	2	3
865	判断+他+	2	3
865	无权+	1	2
866	主席+明白+	2	4
866	大家+面前+有+	3	5
866	两+	1	1
866	大+问题+	2	3
867	先+处理+	2	3
867	这些+问题+	2	4
867	立法会+	1	3
867	难以+取信于人+	2	6
868	众多+	1	2
868	直选+议员+	2	4
868	广大+	1	2
868	民意+基础+	2	4
868	支持+	1	2
868	很多+议员+	2	4
868	能+信纳+	2	3
869	香港+人+展示+	3	5
869	粗疏+得+	2	3
869	再+粗疏+	2	3
870	正本+	1	2
870	都+拿+	2	2
870	不+出来+	2	3
871	只+提供+	2	3
871	副本+	1	2
871	不+像+副本+	3	4
872	最+糟糕+的+	3	4
872	能+厘清+	2	3
873	一+种+	2	2
873	如此+粗疏+的+	3	5
873	进入+	1	2
873	选举+立法会+	2	5
873	过+了+	2	2
873	海+	1	1
873	是+神仙+	2	3
874	当然+乐意+	2	4
875	我+觉得+	2	3
875	刚才+问+的+	3	4
875	很+具体+	2	3
876	以至+	1	2
876	哪些+议员+合+资格+	4	7
876	资格+	1	2
877	如此+混乱+粗疏+	3	6
877	我+怕+	2	2
877	你+背负+的+	3	4
877	压力+	1	2
877	很+大+	2	2
878	主席+你+	2	3
878	耐心+聆听+	2	4
878	然后+作出+裁决+	3	6
879	如此+	1	2
879	能+服众+的+	3	4
879	香港+人+是+	3	4
879	会+看+到+	3	3
880	谢谢+主席+	2	4
881	对于+	1	2
881	所+说+	2	2
881	只有+	1	2
881	才+有+	2	2
881	居留权+限制+	2	5
881	候选人+没有+	2	5
881	不+能+接受+	3	4
882	一+刻+进行+投票+	4	6
882	当选者+	1	3
882	下+	1	1
882	一+刻+	2	2
882	便+成为+	2	3
883	绝对+有+义务+	3	5
883	厘清+	1	2
883	已+完成+	2	3
883	手续+	1	2
883	英国+居留权+	2	5
883	并且+交+出+	3	4
883	以+正+视听+	3	4
884	立法会+秘书处+	2	6
884	亦+有+责任+	3	4
884	维护+	1	2
884	这个+程序+	2	4
884	正确+	1	2
884	和+完整+地+	3	4
885	仍然+	1	2
885	无法+交+出+	3	4
885	信件+正本+	2	4
885	盖+	1	1
885	正规+印章+	2	4
885	不+符合+	2	3
886	除了+设置+	2	4
886	两+个+	2	2
886	投票箱+	1	3
886	分别+	1	2
886	供+投+废票+	3	4
886	和+投+	2	2
886	给+涂谨申+议员+	3	6
886	为+	1	1
886	设置+投票箱+	2	5
887	相当+影响+	2	4
887	未来+	1	2
887	立法会+任期+内+	3	6
887	如何+进行+	2	4
887	跟+	1	1
887	全+港+	2	2
887	公众+利益+	2	4
887	莫大+关系+	2	4
888	要+处理+	2	3
888	这+件+	2	2
889	文件+正本+	2	4
890	依书直说+	1	4
890	向+大家+引述+	3	5
890	基本法+的+	2	4
890	内容+	1	2
890	没有+加入+	2	4
890	个人+意见+	2	4
891	应+加入+	2	3
891	况且+	1	2
891	当中+涉及+	2	4
891	宪制+	1	2
891	和+法律+	2	3
891	不+宜+	2	2
891	给予+	1	2
892	我+提+出+	3	3
892	未必+	1	2
892	最+正确+	2	3
892	无误+	1	2
893	供+大家+参考+而已+	4	7
894	一+项+	2	2
894	以往+参加+过+	3	5
894	不论+	1	2
895	正式+会议+	2	4
895	梁颂恒+议员+	2	5
895	没有+资格+	2	4
895	参加+	1	2
895	这个+会议+	2	4
896	我+修正+	2	3
897	究竟+有+	2	3
897	权+	1	1
897	没+有+	2	2
898	未+宣誓+的+	3	4
898	相关+法例+	2	4
898	不+能+参加+	3	4
898	和+发言+	2	3
899	问题+来+了+	3	4
900	第十二+条+	2	4
900	每+届+	2	2
900	任期+的+	2	3
900	首+次+	2	2
900	订+明+	2	2
901	一+	1	1
901	本+议事+	2	3
901	宗教+式+	2	3
901	非宗教+式+	2	4
901	任期+	1	2
901	第一+条+	2	3
901	规定+作+	2	3
901	非宗教+式+宣誓+	3	6
902	二+	1	1
902	出席+会议+	2	4
902	包括+我+	2	3
902	作+	1	1
902	或+非宗教+式+	3	5
902	本+	1	1
902	第四+条+	2	3
902	规定+的+	2	3
903	这里+涉及+	2	4
903	先后+次序+的+	3	5
904	未+完成+	2	3
904	第一+款+的+	3	4
904	出席+	1	2
904	议员+进行+宣誓+	3	6
905	能+进入+	2	3
905	第二+款+	2	3
906	很+严重+的+	3	4
907	已+容许+	2	3
907	就座+	1	2
907	会+作出+	2	3
907	不+容许+议员+	3	5
908	会+让+他+	3	3
909	你+确认+	2	3
909	严重+违反+了+	3	5
909	第一+	1	2
909	条+的+	2	2
910	重新+考虑+	2	4
911	要+改选+主席+	3	5
912	我+和应+谢伟俊+议员+	4	8
913	不+称职+	2	3
915	可以+提出+质疑+	3	6
915	已+作+了+	3	3
916	经过+选举+确认+的+	4	7
916	在席+议员+	2	4
916	未+宣誓+	2	3
916	会+容许+他+	3	4
917	可以+有+	2	3
918	想+知道+	2	3
918	是否+建基于+	2	5
918	有关+议员+	2	4
918	是否+	1	2
918	正式+宣誓+	2	4
919	宣誓+有效+	2	4
919	而+准许+他+	3	4
919	以+此+为+基础+	4	5
919	作出+决定+	2	4
920	你+同意+	2	3
920	有关+宣誓+	2	4
920	不+合理+	2	3
920	不+合法+	2	3
921	任何+议员+	2	4
921	未曾+作+	2	3
921	最后+宣誓+	2	4
921	仍+具+	2	2
921	其+身份+	2	3
921	而+言+	2	2
922	可以+说+	2	3
922	是+议员+	2	3
923	已+容许+你+	3	4
924	又+	1	1
924	如何+解释+呢+	3	5
925	当+	1	1
925	你+宣布+	2	3
925	第二+阶段+	2	4
925	已+确认+	2	3
925	完成+了+	2	3
925	第一+阶段+的+	3	5
925	宣誓+仪式+	2	4
926	要+搞+错+	3	3
926	这个+逻辑+	2	4
928	问题+在于+	2	4
928	未+有+人+	3	3
928	取消+	1	2
929	先前+	1	2
929	在+会议+上+	3	4
929	没+有+人+	3	3
929	你+有+资格+	3	4
930	他+发言+	2	3
931	取消+资格+	2	4
932	一+步+	2	2
932	会+处理+的+	3	4
933	要+完成+	2	3
933	参与+会议+	2	4
934	可以+质疑+	2	4
935	你们+	1	2
935	尚未+宣誓+	2	4
935	已+有+资格+	3	4
935	在+会议厅+就座+	3	6
935	这个+理念+作出+决定+	4	8
936	你+问+我+	3	3
936	理据+	1	2
936	向+你+作出+	3	4
937	你+接受+	2	3
937	是+对+	2	2
937	或+错+	2	2
938	仍+视+我+	3	3
938	为+主席+	2	3
938	并+称呼+我+	3	4
938	要+接受+	2	3
939	除非+	1	2
939	我+当作+主席+	3	5
939	不用+理会+	2	4
939	这+决定+	2	3
940	要+继续+	2	3
941	我+明白+	2	3
941	想+当+丑人+	3	4
941	可以+违反+	2	4
942	第一+条+订明+	3	5
942	能+参与+会议+	3	5
943	已+作出+决定+	3	5
944	没有+权+	2	3
944	作出+	1	2
945	根本+没+	2	3
946	已+说+了+	3	3
947	是+错+	2	2
947	或+对+	2	2
948	无论+如何+	2	4
948	跟+你+争论+	3	4
949	错+的+	2	2
950	要+作出+	2	3
950	规则+的+	2	3
952	向+法庭+提出+质疑+	4	7
953	为何+	1	2
953	这些+话+	2	3
953	跟+他们+说+	3	4
954	不+叫+他们+	3	4
954	向+法庭+提出+	3	5
954	要+执行+	2	3
955	已+决定+了+	3	4
956	对+我+说+	3	3
956	你+身旁+的+	3	4
956	人+说+	2	2
957	已经+作出+决定+	3	6
957	让+他+	2	2
958	梁耀忠+	1	3
958	要+这样+呢+	3	4
959	可否+保持+中立+	3	6
959	和+公正+	2	3
959	规则+来+	2	3
959	办事+	1	2
960	会+当+丑人+	3	4
960	想+为难+你+	3	4
961	需+	1	1
961	便+可以+	2	3
962	我+作+的+	3	3
962	最终+决定+	2	4
964	请+大家+	2	3
964	先+坐+下+	3	3
965	庄严+的+	2	3
965	地方+	1	2
966	你+请+	2	2
966	那些+	1	2
966	在+你+身旁+的+	4	5
967	坐+下+	2	2
967	保持+	1	2
967	肃静+	1	2
968	梁美芬+议员+	2	5
968	未+批准+你+	3	4
969	插队+	1	2
970	可以+返回+座位+	3	6
970	我们+感到+	2	4
970	很+骚扰+	2	3
971	我们+希望+	2	4
971	人+	1	1
972	五+个+	2	2
972	垂帘听政+	1	4
973	不+需要+	2	3
973	这些+人+	2	3
973	来+保护+	2	3
974	梁美芬+教授+	2	5
975	非常+骚扰+	2	4
976	主席+裁决+	2	4
977	五+位+	2	2
978	本来+进行+得+	3	5
978	很+好+	2	2
979	第四十二+条+	2	5
979	清楚+订+明+	3	4
980	你们+提出+	2	4
980	能+进行+	2	3
981	你+要求+	2	3
982	未+叫唤+你+	3	4
983	请+你+	2	2
984	陈志全+议员+	2	5
985	未+说+完+	3	3
986	刚才+坐+下来+	3	5
987	我+以为+	2	3
987	已+发言+完毕+	3	5
989	我+忘记+	2	3
989	到+哪里+	2	3
990	较为+混乱+	2	4
991	在+选举+中+	3	4
993	我+叫唤+议员+	3	5
995	任何+选举+中+	3	5
995	最+重要+的+	3	4
995	两+点+	2	2
995	候选人+资格+	2	5
995	及+	1	1
995	选民+基础+	2	4
996	现在+出现+了+	3	5
997	资格+成疑+	2	4
998	已+说+过+	3	3
998	不+详述+	2	3
999	投票人+的+	2	4
999	议事+规则+订+明+	4	6
999	上+	1	1
999	根本+	1	2
1000	如何+开始+	2	4
1001	至+	1	1
1001	议员+宣誓+	2	4
1002	已+有+	2	2
1002	明确+规定+	2	4
1003	主席+请+你+	3	4
1003	先+看看+	2	3
1003	以+决定+	2	3
1003	各+事项+的+	3	4
1003	先后+次序+	2	4
1004	应该+让+	2	3
1004	再+	1	1
1004	第四+条+进行+	3	5
