sent_id	word_char	character_token_n	stroke_n
651	刚才	2	9
651	秘书处	3	19
651	已	1	3
651	宣布	2	14
651	五	1	4
651	分钟	2	13
651	后	1	6
651	复会	2	15
652	现在	2	14
652	时间	2	14
652	已	1	3
652	过	1	6
652	了	1	2
652	五	1	4
652	分钟	2	13
653	我	1	7
653	想	1	13
653	跟	1	13
653	大家	2	13
653	说	1	9
653	今天	2	8
653	的	1	8
653	会议	2	11
653	分为	2	8
653	两	1	7
653	部分	2	14
654	第一	2	12
654	部分	2	14
654	是	1	9
654	刚才	2	9
654	大家	2	13
654	已	1	3
654	完成	2	13
654	的	1	8
654	宣誓	2	23
655	而	1	6
655	第二	2	13
655	部分	2	14
655	是	1	9
655	选举	2	18
655	立法会	3	19
655	主席	2	15
656	我	1	7
656	知道	2	22
656	有	1	6
656	同事	2	14
656	对	1	5
656	主席	2	15
656	候选人	3	21
656	的	1	8
656	国籍	2	28
656	问题	2	21
656	有	1	6
656	些	1	8
656	意见	2	17
657	要求	2	16
657	候选人	3	21
657	就	1	12
657	某些	2	17
657	方面	2	13
657	作出	2	12
657	澄清	2	26
658	由于	2	8
658	今天	2	8
658	的	1	8
658	会议	2	11
658	并	1	6
658	没有	2	13
658	任何	2	13
658	程序	2	19
658	容许	2	15
658	我们	2	12
658	在	1	6
658	会议厅	3	15
658	内	1	4
658	进行	2	13
658	澄清	2	26
658	提问	2	18
658	辩论	2	22
658	或	1	8
658	谘询	2	19
658	等	1	12
658	因此	2	12
658	我们	2	12
658	不	1	4
658	可以	2	9
658	在	1	6
658	会议厅	3	15
658	内	1	4
658	进行	2	13
658	这些	2	15
658	工作	2	10
659	不过	2	10
659	为	1	4
659	让	1	5
659	一些	2	9
659	关注	2	14
659	此	1	6
659	事	1	8
659	的	1	8
659	议员	2	12
659	能	1	10
659	获	1	10
659	澄清	2	26
659	我	1	7
659	建议	2	13
659	梁君彦	3	27
659	议员	2	12
659	稍后	2	18
659	到	1	8
659	会议厅	3	15
659	外	1	5
659	向	1	6
659	新闻	2	21
659	传媒	2	18
659	交代	2	11
659	他	1	5
659	的	1	8
659	国籍	2	28
659	问题	2	21
660	而	1	6
660	关注	2	14
660	此	1	6
660	事	1	8
660	的	1	8
660	议员	2	12
660	亦	1	6
660	可	1	5
660	出去	2	10
660	聆听	2	18
660	他	1	5
660	的	1	8
660	阐述	2	19
660	以及	2	7
660	可以	2	9
660	向	1	6
660	他	1	5
660	提问	2	18
661	在	1	6
661	会议厅	3	15
661	内	1	4
661	根据	2	21
661	议事	2	13
661	规则	2	14
661	我	1	7
661	不	1	4
661	能	1	10
661	容许	2	15
661	大家	2	13
661	提问	2	18
661	或	1	8
661	作出	2	12
661	任何	2	13
661	讨论	2	11
662	我	1	7
662	现在	2	14
662	请	1	10
662	关注	2	14
662	此	1	6
662	事	1	8
662	的	1	8
662	议员	2	12
662	到	1	8
662	会议厅	3	15
662	外	1	5
662	听取	2	15
662	梁君彦	3	27
662	议员	2	12
662	的	1	8
662	交代	2	11
663	我	1	7
663	预期	2	22
663	会议	2	11
663	将	1	9
663	在	1	6
663	下午	2	7
663	二	1	2
663	时	1	7
663	三十	2	5
663	分	1	4
663	正式	2	11
663	恢复	2	18
664	我	1	7
664	的	1	8
664	发言	2	12
664	到此	2	14
664	结束	2	16
665	现在	2	14
665	暂停	2	23
665	会议	2	11
666	现在	2	14
666	是	1	9
666	二	1	2
666	时	1	7
666	三十五	3	9
666	分	1	4
666	较	1	10
666	我	1	7
666	原先	2	16
666	宣布	2	14
666	二	1	2
666	时	1	7
666	三十	2	5
666	分	1	4
666	恢复	2	18
666	会议	2	11
666	的	1	8
666	时间	2	14
666	迟	1	7
666	了	1	2
666	五	1	4
666	分钟	2	13
667	我	1	7
667	不	1	4
667	想	1	13
667	再	1	6
667	延迟	2	13
668	现在	2	14
668	宣布	2	14
668	正式	2	11
668	复会	2	15
669	会议	2	11
669	现	1	8
669	已	1	3
669	恢复	2	18
669	我	1	7
669	希望	2	18
669	所有	2	14
669	同事	2	14
669	返回	2	13
669	自己	2	9
669	的	1	8
669	座位	2	17
670	让	1	5
670	我们	2	12
670	今天	2	8
670	可以	2	9
670	有	1	6
670	秩序	2	17
670	地	1	6
670	进行	2	13
670	选举	2	18
670	主席	2	15
670	的	1	8
670	程式	2	18
671	我	1	7
671	现在	2	14
671	再	1	6
671	请	1	10
671	所有	2	14
671	同事	2	14
671	返回	2	13
671	自己	2	9
671	的	1	8
671	座位	2	17
672	有	1	6
672	议员	2	12
672	想	1	13
672	提出	2	17
672	规程	2	20
672	问题	2	21
673	但	1	7
673	请	1	10
673	其他	2	13
673	同事	2	14
673	先行	2	12
673	返回	2	13
673	座位	2	17
673	让	1	5
673	秘书	2	14
673	帮	1	9
673	我	1	7
673	做	1	11
673	一些	2	9
673	文书	2	8
673	工作	2	10
674	否则	2	13
674	没有	2	13
674	秘书	2	14
674	帮忙	2	15
674	处理	2	16
674	上	1	3
674	会	1	6
674	比较	2	14
674	困难	2	17
675	我	1	7
675	希望	2	18
675	其他	2	13
675	议员	2	12
675	先	1	6
675	返回	2	13
675	座位	2	17
675	让	1	5
675	我们	2	12
675	可以	2	9
675	进行	2	13
675	会议	2	11
676	如果	2	14
676	大家	2	13
676	有	1	6
676	任何	2	13
676	规程	2	20
676	问题	2	21
676	可以	2	9
676	提出	2	17
677	我	1	7
677	会	1	6
677	给	1	9
677	大家	2	13
677	时间	2	14
678	主席	2	15
678	我	1	7
678	想	1	13
678	问	1	6
678	秘书处	3	19
678	有	1	6
678	否	1	7
678	处理	2	16
678	梁君彦	3	27
678	议员	2	12
678	的	1	8
678	国籍	2	28
678	问题	2	21
679	他	1	5
679	刚才	2	9
680	刚才	2	9
680	我	1	7
680	说	1	9
680	过	1	6
680	有关	2	12
680	梁君彦	3	27
680	议员	2	12
680	的	1	8
680	国籍	2	28
680	问题	2	21
680	不	1	4
680	是	1	9
680	今天	2	8
680	会议	2	11
680	的	1	8
680	讨论	2	11
680	范畴	2	20
681	好	1	6
681	的	1	8
682	请	1	10
682	先	1	6
682	让	1	5
682	我	1	7
682	说	1	9
682	可以	2	9
682	吗	1	6
683	我	1	7
683	刚才	2	9
683	已经	2	11
683	说	1	9
683	过	1	6
683	为了	2	6
683	让	1	5
683	大家	2	13
683	进一步	3	15
683	了解	2	15
683	有关	2	12
683	梁君彦	3	27
683	议员	2	12
683	的	1	8
683	国籍	2	28
683	问题	2	21
683	或	1	8
683	要求	2	16
683	他	1	5
683	澄清	2	26
683	我	1	7
683	已	1	3
683	作出	2	12
683	特别	2	17
683	安排	2	17
683	时间	2	14
683	让	1	5
683	梁	1	11
683	议员	2	12
683	在	1	6
683	会议厅	3	15
683	外	1	5
683	向	1	6
683	传媒	2	18
683	作出	2	12
683	交代	2	11
683	和	1	8
683	澄清	2	26
684	如果	2	14
684	各位	2	13
684	刚才	2	9
684	有	1	6
684	出席	2	15
684	便	1	9
684	应该	2	15
684	知道	2	22
684	情况	2	18
684	如何	2	13
685	不过	2	10
685	无论	2	10
685	当事人	3	16
685	如何	2	13
685	澄清	2	26
685	及	1	3
685	解释	2	25
685	在	1	6
685	这个	2	10
685	会议	2	11
685	上	1	3
685	我	1	7
685	不	1	4
685	能	1	10
685	保证	2	16
685	令	1	5
685	大家	2	13
685	满意	2	26
686	作为	2	11
686	会议	2	11
686	主持人	3	16
686	我	1	7
686	只	1	5
686	能	1	10
686	根据	2	21
686	会议	2	11
686	规则	2	14
686	进行	2	13
686	程序	2	19
687	如果	2	14
687	议员	2	12
687	想	1	13
687	确保	2	21
687	他	1	5
687	的	1	8
687	问题	2	21
687	得到	2	19
687	满意	2	26
687	的	1	8
687	答复	2	21
687	可以	2	9
687	在	1	6
687	其他	2	13
687	场合	2	12
687	提出	2	17
688	今天	2	8
688	的	1	8
688	会议	2	11
688	中	1	4
688	则	1	6
688	没有	2	13
688	办法	2	12
688	处理	2	16
688	这个	2	10
688	问题	2	21
689	我	1	7
689	现在	2	14
689	想	1	13
689	问一问	3	13
689	刚才	2	9
689	有	1	6
689	哪些	2	17
689	议员	2	12
689	曾	1	12
689	举手	2	13
689	想	1	13
689	提出	2	17
689	规程	2	20
689	问题	2	21
690	我	1	7
690	看	1	9
690	不	1	4
690	到	1	8
691	请	1	10
691	秘书	2	14
691	帮忙	2	15
691	把	1	7
691	曾	1	12
691	举手	2	13
691	表示	2	13
691	想	1	13
691	提出	2	17
691	规程	2	20
691	问题	2	21
691	的	1	8
691	议员	2	12
691	名单	2	14
691	交	1	6
691	给	1	9
691	我	1	7
692	因为	2	10
692	我	1	7
692	看	1	9
692	不	1	4
692	到	1	8
693	今天	2	8
693	我	1	7
693	不	1	4
693	想	1	13
693	跟	1	13
693	大家	2	13
693	争论	2	12
693	其他	2	13
693	问题	2	21
693	因为	2	10
693	我	1	7
693	没有	2	13
693	权力	2	8
693	这样	2	17
693	做	1	11
694	我	1	7
694	只是	2	14
694	执行	2	20
694	会议	2	11
694	规则	2	14
695	其实	2	16
695	我	1	7
695	也	1	3
695	不	1	4
695	是	1	9
695	很	1	9
695	想	1	13
695	主持	2	14
695	这	1	7
695	会议	2	11
696	不过	2	10
696	根据	2	21
696	议事	2	13
696	规则	2	14
696	附表	2	15
696	一	1	1
696	第六	2	15
696	及	1	3
696	七	1	2
696	段	1	9
696	的	1	8
696	规定	2	16
696	由	1	5
696	担任	2	14
696	议员	2	12
696	时间	2	14
696	最	1	12
696	长	1	4
696	的	1	8
696	我	1	7
696	来	1	7
696	主持	2	14
696	会议	2	11
697	根据	2	21
697	会议	2	11
697	规则	2	14
697	我	1	7
697	现在	2	14
697	只	1	5
697	能	1	10
697	主持	2	14
697	投票	2	18
697	的	1	8
697	过程	2	18
698	其他	2	13
698	事情	2	19
698	我	1	7
698	无法	2	12
698	处理	2	16
699	如果	2	14
699	我	1	7
699	处理	2	16
699	的话	2	16
699	便	1	9
699	违反	2	11
699	会议	2	11
699	规则	2	14
700	是	1	9
700	不	1	4
700	合法	2	14
700	的	1	8
701	大家	2	13
701	如果	2	14
701	要	1	9
701	我	1	7
701	表明	2	16
701	这	1	7
701	个	1	3
701	会议	2	11
701	究竟	2	18
701	是	1	9
701	否	1	7
701	合法	2	14
701	我	1	7
701	只	1	5
701	能够	2	21
701	说	1	9
701	根据	2	21
701	会议	2	11
701	规则	2	14
701	这	1	7
701	个	1	3
701	会议	2	11
701	是	1	9
701	合法	2	14
701	的	1	8
702	议员	2	12
702	如果	2	14
702	想	1	13
702	提出	2	17
702	规程	2	20
702	问题	2	21
702	我	1	7
702	再	1	6
702	请	1	10
702	大家	2	13
702	先	1	6
702	返回	2	13
702	自己	2	9
702	的	1	8
702	座位	2	17
703	我	1	7
703	会	1	6
703	邀请	2	26
703	大家	2	13
703	发言	2	12
704	我们	2	12
704	不	1	4
704	离开	2	14
704	又	1	2
704	怎样	2	19
704	呢	1	8
705	如果	2	14
705	议员	2	12
705	真的	2	18
705	不	1	4
705	返回	2	13
705	座位	2	17
705	也	1	3
705	不	1	4
705	要紧	2	19
706	但	1	7
706	请	1	10
706	不要	2	13
706	作出	2	12
706	骚扰	2	19
706	以便	2	13
706	会议	2	11
706	可	1	5
706	继续	2	21
706	进行	2	13
707	根据	2	21
707	秘书	2	14
707	给	1	9
707	我	1	7
707	的	1	8
707	名单	2	14
707	第一	2	12
707	位	1	7
707	提出	2	17
707	规程	2	20
707	问题	2	21
707	的	1	8
707	议员	2	12
707	是	1	9
707	毛孟静	3	26
707	议员	2	12
708	根据	2	21
708	议事	2	13
708	规则	2	14
708	今天	2	8
708	的	1	8
708	规程	2	20
708	只	1	5
708	能够	2	21
708	涉及	2	13
708	选举	2	18
708	过程	2	18
709	如果	2	14
709	有	1	6
709	其他	2	13
709	问题	2	21
709	请	1	10
709	议员	2	12
709	在	1	6
709	其他	2	13
709	场合	2	12
709	提出	2	17
710	现在	2	14
710	请	1	10
710	毛孟静	3	26
710	议员	2	12
710	提问	2	18
711	感谢	2	25
711	主席	2	15
712	我	1	7
712	不	1	4
712	是	1	9
712	故意	2	22
712	要	1	9
712	为难	2	14
712	你	1	7
712	或	1	8
712	什么	2	7
713	还	1	7
713	要	1	9
713	感谢	2	25
713	你	1	7
713	试图	2	16
713	安排	2	17
713	我们	2	12
713	到	1	8
713	会议厅	3	15
713	外	1	5
713	聆听	2	18
713	梁君彦	3	27
713	议员	2	12
713	的	1	8
713	解释	2	25
714	我们	2	12
714	已	1	3
714	听	1	7
714	罢	1	10
714	他	1	5
714	的	1	8
714	解释	2	25
715	他	1	5
715	说	1	9
715	第一	2	12
715	封	1	9
715	信	1	9
715	是	1	9
715	关乎	2	12
715	其	1	8
715	国籍	2	28
715	或	1	8
715	外国	2	13
715	居留权	3	24
715	的	1	8
715	问题	2	21
716	信	1	9
716	中	1	4
716	表示	2	13
716	已	1	3
716	附上	2	10
716	放弃	2	15
716	国籍	2	28
716	的	1	8
716	声明	2	15
717	但	1	7
717	相关	2	15
717	的	1	8
717	却	1	7
717	并不	2	10
717	存在	2	12
718	原来	2	17
718	那	1	6
718	是	1	9
718	一	1	1
718	封	1	9
718	电邮	2	12
719	第二	2	13
719	封	1	9
719	信	1	9
719	才	1	3
719	是	1	9
719	正本	2	10
720	但	1	7
720	他	1	5
720	暂时	2	19
720	仍	1	6
720	未	1	5
720	收	1	6
720	到	1	8
721	我	1	7
721	想	1	13
721	就	1	12
721	此	1	6
721	提出	2	17
721	规程	2	20
721	问题	2	21
722	因为	2	10
722	基本法	3	24
722	已	1	3
722	订明	2	12
722	立法会	3	19
722	主席	2	15
722	必须	2	14
722	在	1	6
722	外国	2	13
722	无	1	4
722	居留权	3	24
723	而	1	6
723	即使	2	15
723	两	1	7
723	封	1	9
723	信	1	9
723	都	1	10
723	是	1	9
723	由	1	5
723	政府	2	17
723	发出	2	10
723	但	1	7
723	却	1	7
723	不	1	4
723	一定	2	9
723	是	1	9
723	法律	2	17
723	文件	2	10
724	我们	2	12
724	最	1	12
724	主要	2	14
724	想	1	13
724	看	1	9
724	的	1	8
724	是	1	9
724	那	1	6
724	份	1	6
724	放弃	2	15
724	国籍	2	28
724	声明	2	15
725	而	1	6
725	我	1	7
725	本人	2	7
725	也	1	3
725	有	1	6
725	一	1	1
725	份	1	6
726	我们	2	12
726	是	1	9
726	否	1	7
726	应	1	7
726	待	1	9
726	他	1	5
726	收	1	6
726	到	1	8
726	有关	2	12
726	文件	2	10
727	所有	2	14
727	事情	2	19
727	皆	1	9
727	被	1	10
727	正式	2	11
727	确认	2	16
727	后	1	6
727	才	1	3
727	展开	2	14
727	选举	2	18
727	程序	2	19
727	呢	1	8
728	好	1	6
728	的	1	8
728	谢谢	2	24
728	你	1	7
728	毛孟静	3	26
728	议员	2	12
729	我	1	7
729	刚才	2	9
729	说	1	9
729	过	1	6
729	你	1	7
729	的	1	8
729	提问	2	18
729	只	1	5
729	能够	2	21
729	涉及	2	13
729	选举	2	18
729	过程	2	18
729	或	1	8
729	与	1	3
729	选举	2	18
729	有关	2	12
729	的	1	8
729	事情	2	19
730	但	1	7
730	你	1	7
730	却	1	7
730	要求	2	16
730	澄清	2	26
730	梁君彦	3	27
730	议员	2	12
730	的	1	8
730	国籍	2	28
730	问题	2	21
731	我	1	7
731	刚才	2	9
731	已	1	3
731	作出	2	12
731	特别	2	17
731	安排	2	17
731	让	1	5
731	梁君彦	3	27
731	议员	2	12
731	向	1	6
731	大家	2	13
731	和	1	8
731	社会	2	13
731	大众	2	9
731	作出	2	12
731	澄清	2	26
731	及	1	3
731	交代	2	11
732	至于	2	9
732	他	1	5
732	的	1	8
732	答复	2	21
732	能	1	10
732	否	1	7
732	回应	2	13
732	你	1	7
732	刚才	2	9
732	的	1	8
732	提问	2	18
732	我	1	7
732	并不	2	10
732	能够	2	21
732	提出	2	17
732	任何	2	13
732	意见	2	17
733	不过	2	10
733	我	1	7
733	想	1	13
733	对	1	5
733	大家	2	13
733	说	1	9
733	鉴于	2	16
733	梁君彦	3	27
733	议员	2	12
733	已经	2	11
733	一而再再而三	6	28
733	地	1	6
733	提供	2	20
733	资料	2	20
733	并	1	6
733	在	1	6
733	公开	2	8
733	场合	2	12
733	作出	2	12
733	澄清	2	26
733	议员	2	12
733	大	1	3
733	可	1	5
733	自行	2	12
733	决定	2	14
733	稍后	2	18
733	会	1	6
733	否	1	7
733	投票	2	18
733	支持	2	13
733	他	1	5
734	如果	2	14
734	大家	2	13
734	认为	2	8
734	梁君彦	3	27
734	议员	2	12
734	的	1	8
734	答复	2	21
734	未	1	5
734	能	1	10
734	回应	2	13
734	大家	2	13
734	的	1	8
734	提问	2	18
734	大家	2	13
734	可以	2	9
734	决定	2	14
734	寻求	2	13
735	那么	2	9
735	梁天琦	3	27
735	也	1	3
735	不	1	4
735	应该	2	15
735	被	1	10
735	对	1	5
735	吗	1	6
736	我	1	7
736	也	1	3
736	不	1	4
736	知道	2	22
736	梁君彦	3	27
736	议员	2	12
736	究竟	2	18
736	是	1	9
736	否	1	7
736	真的	2	18
736	有	1	6
736	合法	2	14
736	权利	2	13
736	参选	2	17
736	但	1	7
736	梁耀忠	3	39
736	议员	2	12
736	却	1	7
736	要求	2	16
736	我们	2	12
736	自行	2	12
736	考虑	2	16
736	是	1	9
736	否	1	7
736	投票	2	18
736	给	1	9
736	他	1	5
736	吗	1	6
737	你	1	7
737	是	1	9
737	否	1	7
737	也	1	3
737	可	1	5
737	要求	2	16
737	选民	2	14
737	自行	2	12
737	决定	2	14
737	是	1	9
737	否	1	7
737	投票	2	18
737	给	1	9
737	梁天琦	3	27
738	由于	2	8
738	立法会	3	19
738	主席	2	15
738	的	1	8
738	选举	2	18
738	须	1	9
738	按照	2	22
738	议事	2	13
738	规则	2	14
738	附表	2	15
738	一	1	1
738	所	1	8
738	订	1	4
738	的	1	8
738	程序	2	19
738	进行	2	13
739	而	1	6
739	有关	2	12
739	的	1	8
739	条文	2	11
739	是	1	9
739	容许	2	15
739	议员	2	12
739	在	1	6
739	选举	2	18
739	主席	2	15
739	的	1	8
739	会议	2	11
739	上	1	3
739	就	1	12
739	候选人	3	21
739	的	1	8
739	事宜	2	16
739	进行	2	13
739	讨论	2	11
739	的	1	8
740	事实上	3	19
740	有关	2	12
740	的	1	8
740	讨论	2	11
740	亦	1	6
740	已	1	3
740	在	1	6
740	昨天	2	13
740	特别	2	17
740	安排	2	17
740	的	1	8
740	论坛	2	13
740	上	1	3
741	主席	2	15
741	我	1	7
741	不	1	4
741	是	1	9
741	要求	2	16
741	讨论	2	11
742	我	1	7
742	要求	2	16
742	的	1	8
742	是	1	9
742	法律	2	17
742	上	1	3
742	的	1	8
742	澄清	2	26
743	他	1	5
743	一定	2	9
743	要	1	9
743	提供	2	20
743	一	1	1
743	份	1	6
743	放弃	2	15
743	英国	2	16
743	国籍	2	28
743	声明	2	15
743	的	1	8
743	正式	2	11
743	文件	2	10
744	而	1	6
744	最	1	12
744	好	1	6
744	当然	2	18
744	是	1	9
744	正本	2	10
745	但	1	7
745	如果	2	14
745	暂时	2	19
745	没有	2	13
745	正本	2	10
745	向	1	6
745	我们	2	12
745	提供	2	20
745	一	1	1
745	份	1	6
745	也	1	3
745	可以	2	9
746	不过	2	10
746	现时	2	15
746	已经	2	11
746	说	1	9
746	得	1	11
746	很	1	9
746	清楚	2	24
747	便	1	9
747	是	1	9
747	按照	2	22
747	我	1	7
747	的	1	8
747	理解	2	24
747	他	1	5
747	仍未	2	11
747	收到	2	14
747	相关	2	15
747	文件	2	10
748	试问	2	14
748	我们	2	12
748	怎	1	9
748	可以	2	9
748	在	1	6
748	这里	2	14
748	进行	2	13
748	选举	2	18
748	的	1	8
748	程序	2	19
748	呢	1	8
749	据	1	11
749	我	1	7
749	了解	2	15
749	基本法	3	24
749	订明	2	12
749	立法会	3	19
749	主席	2	15
749	不	1	4
749	能够	2	21
749	拥有	2	14
749	任何	2	13
749	其他	2	13
749	国家	2	18
749	的	1	8
749	居留权	3	24
750	这	1	7
750	方面	2	13
750	已	1	3
750	清楚	2	24
750	订明	2	12
750	但	1	7
750	并	1	6
750	没有	2	13
750	提及	2	15
750	候选人	3	21
751	我	1	7
751	今天	2	8
751	不	1	4
751	是	1	9
751	要	1	9
751	与	1	3
751	大家	2	13
751	辩论	2	22
751	这个	2	10
751	问题	2	21
751	但	1	7
751	如果	2	14
751	大家	2	13
751	想	1	13
751	澄清	2	26
751	的话	2	16
751	便	1	9
751	应该	2	15
751	透过	2	16
751	其他	2	13
751	途径	2	18
752	因为	2	10
752	我	1	7
752	既	1	9
752	非	1	8
752	具有	2	14
752	法律	2	17
752	背景	2	21
752	的	1	8
752	议员	2	12
753	而	1	6
753	我	1	7
753	这	1	7
753	个	1	3
753	主席	2	15
753	的	1	8
753	身份	2	13
753	也	1	3
753	不	1	4
753	能够	2	21
753	作	1	7
753	任何	2	13
753	回答	2	18
754	我	1	7
754	只	1	5
754	能够	2	21
755	不好意思	4	32
755	我	1	7
755	不	1	4
755	是	1	9
755	特别	2	17
755	要	1	9
755	为难	2	14
755	你	1	7
755	亦	1	6
755	觉得	2	20
755	这样	2	17
755	插言	2	19
755	不	1	4
755	礼貌	2	19
756	不	1	4
756	要紧	2	19
757	但	1	7
757	按照	2	22
757	你	1	7
757	刚才	2	9
757	的	1	8
757	说法	2	17
757	作为	2	11
757	立法会	3	19
757	主席	2	15
757	便	1	9
757	不	1	4
757	能够	2	21
757	拥有	2	14
757	外国	2	13
757	居留权	3	24
758	但是	2	16
758	如果	2	14
758	要	1	9
758	进行	2	13
758	选举	2	18
758	的话	2	16
758	有	1	6
758	人	1	2
758	将	1	9
758	于	1	3
758	稍后	2	18
758	半	1	5
758	小时	2	10
758	或	1	8
758	十	1	2
758	分钟	2	13
758	后	1	6
758	便会	2	15
758	当选	2	15
758	主席	2	15
759	但	1	7
759	他	1	5
759	却	1	7
759	未	1	5
759	能	1	10
759	在	1	6
759	今天	2	8
759	内	1	4
759	向	1	6
759	我们	2	12
759	提供	2	20
759	刚才	2	9
759	所	1	8
759	说	1	9
759	的	1	8
759	放弃	2	15
759	国籍	2	28
759	正式	2	11
759	声明	2	15
760	你	1	7
760	说	1	9
760	得	1	11
760	对	1	5
761	多谢	2	18
762	就	1	12
762	是	1	9
762	一旦	2	6
762	他	1	5
762	当选	2	15
762	发觉	2	14
762	条件	2	13
762	不	1	4
762	符合	2	17
762	规定	2	16
762	他	1	5
762	便	1	9
762	不	1	4
762	应该	2	15
762	成为	2	10
762	主席	2	15
763	这	1	7
763	是	1	9
763	正确	2	17
763	的	1	8
764	不过	2	10
764	问题	2	21
764	是	1	9
764	我	1	7
764	不	1	4
764	能够	2	21
764	建议	2	13
764	他	1	5
764	接着	2	22
764	该	1	8
764	怎样	2	19
764	做	1	11
764	因为	2	10
764	我	1	7
764	没有	2	13
764	这	1	7
764	个	1	3
764	身份	2	13
765	我	1	7
765	只	1	5
765	能够	2	21
765	主持	2	14
766	主席	2	15
766	那么	2	9
766	你	1	7
766	坐	1	7
766	在	1	6
766	这里	2	14
766	做	1	11
766	什么	2	7
767	你	1	7
767	说	1	9
767	得	1	11
767	对	1	5
768	我	1	7
768	也	1	3
768	想	1	13
768	澄清	2	26
768	我	1	7
768	坐	1	7
768	在	1	6
768	这里	2	14
768	做	1	11
768	什么	2	7
769	根据	2	21
769	议事	2	13
769	规则	2	14
769	我	1	7
769	只是	2	14
769	做	1	11
769	两	1	7
769	件	1	6
769	事	1	8
770	第一	2	12
770	主持	2	14
770	主席	2	15
770	选举	2	18
770	的	1	8
770	投票	2	18
771	第二	2	13
771	宣布	2	14
771	哪	1	9
771	位	1	7
771	候选人	3	21
771	当选	2	15
772	我	1	7
772	只是	2	14
772	做	1	11
772	这	1	7
772	两	1	7
772	件	1	6
772	事	1	8
773	而	1	6
773	不	1	4
773	应该	2	15
773	做	1	11
773	其他	2	13
773	事	1	8
774	最后	2	18
774	一	1	1
774	个	1	3
774	规程	2	20
774	问题	2	21
775	为了	2	6
775	抗争	2	13
775	为	1	4
775	表示	2	13
775	我	1	7
775	不	1	4
775	同意	2	19
775	现时	2	15
775	的	1	8
775	程序	2	19
775	我	1	7
775	现在	2	14
775	也	1	3
775	走	1	7
775	出来	2	12
775	站	1	10
775	在	1	6
775	你	1	7
775	后面	2	15
775	不	1	4
775	会	1	6
775	离开	2	14
776	即使	2	15
776	你	1	7
776	呼吁	2	14
776	我	1	7
776	离开	2	14
776	我	1	7
776	亦	1	6
776	不	1	4
776	会	1	6
776	离开	2	14
777	大家	2	13
777	是	1	9
777	否	1	7
777	要	1	9
777	一直	2	9
777	这样	2	17
777	继续	2	21
777	下去	2	8
777	呢	1	8
778	如果	2	14
778	你	1	7
778	不	1	4
778	影响	2	24
778	大家	2	13
778	的	1	8
778	投票	2	18
778	程序	2	19
778	我	1	7
778	是	1	9
778	不	1	4
778	会	1	6
778	阻止	2	11
778	你	1	7
778	的	1	8
779	不过	2	10
779	在	1	6
779	投票	2	18
779	前	1	9
779	你	1	7
779	首先	2	15
779	需要	2	23
779	确定	2	20
779	我	1	7
779	梁颂恒	3	30
779	和	1	8
779	姚松炎	3	25
779	三	1	3
779	位	1	7
779	议员	2	12
779	的	1	8
779	投票权	3	24
780	其实	2	16
780	我	1	7
780	也	1	3
780	无	1	4
780	权	1	6
780	确定	2	20
780	你们	2	12
780	是	1	9
780	否	1	7
780	有	1	6
780	权	1	6
780	投票	2	18
781	我	1	7
781	只	1	5
781	能够	2	21
781	接受	2	19
781	秘书	2	14
781	给	1	9
781	我	1	7
781	的	1	8
781	名单	2	14
781	包括	2	14
781	候选人	3	21
781	和	1	8
781	有	1	6
781	资格	2	20
781	投票	2	18
781	的	1	8
781	议员	2	12
782	其实	2	16
782	你	1	7
782	应该	2	15
782	向	1	6
782	秘书处	3	19
782	提出	2	17
782	而	1	6
782	不	1	4
782	是	1	9
782	向	1	6
782	我	1	7
782	提出	2	17
782	因为	2	10
782	我	1	7
782	无	1	4
782	权	1	6
782	代表	2	13
782	秘书处	3	19
782	说话	2	17
783	如果	2	14
783	你	1	7
783	要	1	9
783	提出	2	17
783	可以	2	9
783	向	1	6
783	秘书处	3	19
783	提出	2	17
784	第二	2	13
784	位	1	7
784	想	1	13
784	提出	2	17
784	规程	2	20
784	问题	2	21
784	的	1	8
784	议员	2	12
784	是	1	9
784	许智峯	3	0
784	议员	2	12
785	主席	2	15
785	我	1	7
785	想	1	13
785	你	1	7
785	清醒	2	27
785	地	1	6
785	想想	2	26
785	我们	2	12
785	今天	2	8
785	是	1	9
785	否	1	7
786	我	1	7
786	清醒	2	27
786	与	1	3
786	否	1	7
786	不	1	4
786	是	1	9
786	由	1	5
786	你	1	7
786	判断	2	18
786	的	1	8
787	我们	2	12
787	是	1	9
787	否	1	7
787	应该	2	15
787	继续	2	21
787	进行	2	13
787	会议	2	11
787	并	1	6
787	选举	2	18
787	主席	2	15
788	毛孟静	3	26
788	议员	2	12
788	和	1	8
788	多	1	6
788	位	1	7
788	非	1	8
788	建制	2	16
788	派	1	9
788	议员	2	12
788	刚才	2	9
788	说	1	9
788	过	1	6
788	我们	2	12
788	不	1	4
788	信纳	2	16
788	梁君彦	3	27
788	议员	2	12
788	已经	2	11
788	完全	2	13
788	放弃	2	15
788	英籍	2	28
788	或	1	8
788	放弃	2	15
788	英国	2	16
788	的	1	8
788	居留权	3	24
789	在	1	6
789	这	1	7
789	种	1	9
789	情况	2	18
789	下	1	3
789	要	1	9
789	我们	2	12
789	选举	2	18
789	主席	2	15
789	并	1	6
789	不	1	4
789	公道	2	18
790	这	1	7
790	是	1	9
790	第一	2	12
790	点	1	9
791	第二	2	13
791	站	1	10
791	在	1	6
791	你	1	7
791	身后	2	13
791	的	1	8
791	数	1	13
791	位	1	7
791	议员	2	12
791	刚才	2	9
791	在	1	6
791	宣誓	2	23
791	时	1	7
791	遇到	2	20
791	一些	2	9
791	障碍	2	26
792	由于	2	8
792	负责	2	14
792	监誓	2	24
792	的	1	8
792	秘书长	3	18
792	没有	2	13
792	处理	2	16
792	他们	2	10
792	的	1	8
792	宣誓	2	23
793	并	1	6
793	表示	2	13
793	他们	2	10
793	在	1	6
793	稍后	2	18
793	举行	2	15
793	的	1	8
793	主席	2	15
793	选举	2	18
793	中	1	4
793	不	1	4
793	可以	2	9
793	投票	2	18
794	但是	2	16
794	多	1	6
794	位	1	7
794	议员	2	12
794	认为	2	8
794	他们	2	10
794	所	1	8
794	采用	2	13
794	的	1	8
794	宣誓	2	23
794	方式	2	10
794	历	1	4
794	届	1	8
794	立法会	3	19
794	议员	2	12
794	也	1	3
794	曾	1	12
794	采用	2	13
794	类似	2	15
794	方式	2	10
794	却	1	7
794	没有	2	13
794	问题	2	21
795	这	1	7
795	证明	2	15
795	宣誓	2	23
795	过程	2	18
795	出现	2	13
795	问题	2	21
796	令	1	5
796	数	1	13
796	位	1	7
796	议员	2	12
796	稍后	2	18
796	无法	2	12
796	进行	2	13
796	投票	2	18
796	这	1	7
796	个	1	3
796	选举	2	18
796	便	1	9
796	不	1	4
796	会	1	6
796	是	1	9
796	公平	2	9
796	及	1	3
796	符合	2	17
796	程序	2	19
796	公义	2	7
796	的	1	8
796	选举	2	18
797	我	1	7
797	想	1	13
797	请	1	10
797	你	1	7
797	决定	2	14
797	面对	2	14
797	那么	2	9
797	多	1	6
797	程序	2	19
797	公义	2	7
797	问题	2	21
797	应	1	7
797	否	1	7
797	继续	2	21
797	进行	2	13
797	会议	2	11
797	选	1	9
797	出	1	5
797	一	1	1
797	位	1	7
797	没有	2	13
797	任何	2	13
797	代表性	3	21
797	的	1	8
797	立法会	3	19
797	主席	2	15
798	主席	2	15
798	你	1	7
798	担任	2	14
798	代理	2	16
798	主席	2	15
798	亦	1	6
798	不	1	4
798	容易	2	17
799	但是	2	16
799	我	1	7
799	支持	2	13
799	你	1	7
799	执行	2	20
799	议事	2	13
799	规则	2	14
799	包括	2	14
799	维持	2	20
799	议会	2	11
799	的	1	8
799	秩序	2	17
799	确保	2	21
799	我们	2	12
799	选举	2	18
799	主席	2	15
799	的	1	8
799	程序	2	19
799	能够	2	21
799	顺利	2	16
799	完成	2	13
800	因为	2	10
800	这	1	7
800	是	1	9
800	宪制	2	17
800	工作	2	10
800	亦	1	6
800	是	1	9
800	全	1	6
800	港	1	12
800	市民	2	10
800	正在	2	11
800	看	1	9
800	着	1	11
800	我们	2	12
800	做	1	11
800	的	1	8
800	事情	2	19
801	此外	2	11
801	我	1	7
801	想	1	13
801	请	1	10
801	你	1	7
801	也	1	3
801	了解	2	15
801	一下	2	4
801	议事	2	13
801	规则	2	14
802	有	1	6
802	议员	2	12
802	没有	2	13
802	合理	2	17
802	理由	2	16
802	而	1	6
802	在	1	6
802	你	1	7
802	身后	2	13
802	及	1	3
802	旁边	2	15
802	站	1	10
802	着	1	11
803	我	1	7
803	恐怕	2	18
803	这些	2	15
803	议员	2	12
803	已	1	3
803	涉嫌	2	23
803	违反	2	11
803	议事	2	13
803	规则	2	14
804	希望	2	18
804	你	1	7
804	考虑	2	16
804	请	1	10
804	这些	2	15
804	议员	2	12
804	返回	2	13
804	座位	2	17
805	如果	2	14
805	他们	2	10
805	经过	2	14
805	多次	2	12
805	劝谕	2	15
805	仍	1	6
805	不	1	4
805	返回	2	13
805	座位	2	17
805	我	1	7
805	认为	2	8
805	你	1	7
805	应	1	7
805	执行	2	20
805	议事	2	13
805	规则	2	14
805	以	1	4
805	维持	2	20
805	议会	2	11
805	的	1	8
805	秩序	2	17
806	这	1	7
806	是	1	9
806	第一	2	12
806	点	1	9
807	第二	2	13
807	点	1	9
807	是	1	9
807	关于	2	9
807	议员	2	12
807	的	1	8
807	投票权	3	24
808	我	1	7
808	同意	2	19
808	你	1	7
808	的	1	8
808	判断	2	18
808	便	1	9
808	是	1	9
808	秘书长	3	18
808	已	1	3
808	按照	2	22
808	法例	2	16
808	依法	2	16
808	为	1	4
808	我们	2	12
808	监誓	2	24
809	我	1	7
809	亦	1	6
809	认为	2	8
809	有	1	6
809	数	1	13
809	位	1	7
809	议员	2	12
809	没有	2	13
809	依照	2	21
809	誓词	2	21
809	的	1	8
809	内容	2	13
809	完成	2	13
809	宣誓	2	23
810	因此	2	12
810	在	1	6
810	选举	2	18
810	主席	2	15
810	的	1	8
810	过程	2	18
810	中	1	4
810	不	1	4
810	能	1	10
810	参与	2	11
810	表决	2	14
811	这	1	7
811	情况	2	18
811	我	1	7
811	相信	2	18
811	所有	2	14
811	议员	2	12
811	都	1	10
811	明白	2	13
812	由于	2	8
812	未	1	5
812	能	1	10
812	完成	2	13
812	宣誓	2	23
812	因此	2	12
812	不	1	4
812	能	1	10
812	参与	2	11
812	选举	2	18
813	而	1	6
813	秘书长	3	18
813	亦	1	6
813	对	1	5
813	所有	2	14
813	他	1	5
813	怀疑	2	24
813	未	1	5
813	能	1	10
813	完成	2	13
813	宣誓	2	23
813	议员	2	12
813	给予	2	13
813	多	1	6
813	一	1	1
813	次	1	6
813	宣誓	2	23
813	的	1	8
813	机会	2	12
814	我	1	7
814	认为	2	8
814	这	1	7
814	做法	2	19
814	已经	2	11
814	兼顾	2	20
814	到	1	8
814	人情	2	13
814	上	1	3
814	的	1	8
814	考虑	2	16
815	第三	2	14
815	点	1	9
815	至于	2	9
815	大家	2	13
815	质疑	2	25
815	梁君彦	3	27
815	议员	2	12
815	的	1	8
815	国籍	2	28
815	问题	2	21
815	我	1	7
815	早	1	12
815	已	1	3
815	很	1	9
815	关心	2	10
815	此	1	6
815	事	1	8
815	并	1	6
815	多	1	6
815	次	1	6
815	请	1	10
815	梁	1	11
815	议员	2	12
815	澄清	2	26
815	要求	2	16
815	他	1	5
815	确认	2	16
816	而	1	6
816	他	1	5
816	已	1	3
816	多次	2	12
816	确定	2	20
816	地	1	6
816	表示	2	13
816	事情	2	19
816	已经	2	11
816	处理	2	16
816	好	1	6
817	及后	2	9
817	亦	1	6
817	已	1	3
817	提供	2	20
817	英国	2	16
817	领事馆	3	30
817	发出	2	10
817	的	1	8
817	两	1	7
817	封	1	9
817	信	1	9
817	供	1	8
817	大家	2	13
817	参阅	2	18
818	当然	2	18
818	议员	2	12
818	可以	2	9
818	要求	2	16
818	梁	1	11
818	议员	2	12
818	提供	2	20
818	一	1	1
818	份	1	6
818	证书	2	11
819	这	1	7
819	点	1	9
819	我	1	7
819	是	1	9
819	理解	2	24
819	的	1	8
820	但	1	7
820	我	1	7
820	看	1	9
820	过	1	6
820	那	1	6
820	两	1	7
820	封	1	9
820	信	1	9
820	后	1	6
820	最低限度	4	36
820	认为	2	8
820	到	1	8
820	此刻	2	14
820	没有	2	13
820	其他	2	13
820	新	1	12
820	证据	2	18
820	指	1	9
820	梁	1	11
820	议员	2	12
820	的	1	8
820	英籍	2	28
820	问题	2	21
820	并	1	6
820	未	1	5
820	处理	2	16
821	既然	2	21
821	已	1	3
821	定	1	8
821	了	1	2
821	今	1	4
821	天	1	4
821	选举	2	18
821	主席	2	15
821	我	1	7
821	认为	2	8
821	我们	2	12
821	应	1	7
821	按照	2	22
821	所	1	8
821	订定	2	12
821	的	1	8
821	时间	2	14
821	安排	2	17
821	顺利	2	16
821	完成	2	13
821	选举	2	18
821	主席	2	15
822	正如	2	11
822	其他	2	13
822	选举	2	18
822	一样	2	11
822	有	1	6
822	人	1	2
822	可能	2	15
822	会	1	6
822	质疑	2	25
822	不同	2	10
822	候选人	3	21
822	的	1	8
822	某些	2	17
822	声明	2	15
822	有误	2	15
823	大家	2	13
823	日后	2	10
823	可以	2	9
823	透过	2	16
823	不同	2	10
823	方式	2	10
823	跟进	2	20
823	包括	2	14
823	司法	2	13
823	覆核	2	28
823	或	1	8
823	其他	2	13
823	法律	2	17
823	程序	2	19
824	作为	2	11
824	议员	2	12
824	我们	2	12
824	都	1	10
824	很	1	9
824	理解	2	24
825	我	1	7
825	希望	2	18
825	梁耀忠	3	39
825	议员	2	12
825	可以	2	9
825	公平	2	9
825	公正	2	9
825	地	1	6
825	主持	2	14
825	会议	2	11
825	确保	2	21
825	我们	2	12
825	能够	2	21
825	顺利	2	16
825	选	1	9
825	出	1	5
825	主席	2	15
826	主席	2	15
826	我	1	7
826	留意	2	23
826	到	1	8
826	有些	2	14
826	同事	2	14
826	就	1	12
826	两	1	7
826	位	1	7
826	候选人	3	21
826	的	1	8
826	其中	2	12
826	一	1	1
826	人	1	2
826	的	1	8
826	资格	2	20
826	提	1	12
826	出	1	5
826	了	1	2
826	意见	2	17
826	或	1	8
826	质疑	2	25
827	但	1	7
827	我	1	7
827	相信	2	18
827	在	1	6
827	这	1	7
827	个	1	3
827	会议厅	3	15
827	内	1	4
827	虽然	2	21
827	不同	2	10
827	政治	2	17
827	立场	2	11
827	的	1	8
827	议员	2	12
827	对	1	5
827	此	1	6
827	事	1	8
827	抱持	2	17
827	不同	2	10
827	的	1	8
827	态度	2	17
827	但	1	7
827	亦	1	6
827	不	1	4
827	能	1	10
827	因此	2	12
827	而	1	6
827	阻碍	2	20
827	今	1	4
827	天	1	4
827	既定	2	17
827	的	1	8
827	议程	2	17
828	由	1	5
828	我们	2	12
828	完成	2	13
828	宣誓	2	23
828	至今	2	10
828	我	1	7
828	相信	2	18
828	已	1	3
828	浪费	2	19
828	了	1	2
828	两	1	7
828	小时	2	10
829	而	1	6
829	阁下	2	12
829	的	1	8
829	工作	2	10
829	亦	1	6
829	只是	2	14
829	主持	2	14
829	今	1	4
829	天	1	4
829	这	1	7
829	项	1	9
829	主席	2	15
829	选举	2	18
829	所以	2	12
829	我	1	7
829	希望	2	18
829	你	1	7
829	不要	2	13
829	再	1	6
829	浪费	2	19
829	时间	2	14
829	直接	2	19
829	进入	2	9
829	立法会	3	19
829	主席	2	15
829	选举	2	18
829	的	1	8
829	程序	2	19
830	谢谢	2	24
831	主席	2	15
831	毛孟静	3	26
831	议员	2	12
831	刚才	2	9
831	提	1	12
831	到	1	8
831	一	1	1
831	个	1	3
831	观点	2	15
831	就	1	12
831	是	1	9
831	按照	2	22
831	最	1	12
831	严谨	2	20
831	最	1	12
831	谨慎	2	26
831	合理	2	17
831	的	1	8
831	做法	2	19
832	在	1	6
832	我们	2	12
832	看	1	9
832	到	1	8
832	正式	2	11
832	文件	2	10
832	前	1	9
832	实	1	8
832	难以	2	14
832	单凭	2	16
832	一	1	1
832	封	1	9
832	电邮	2	12
832	或	1	8
832	相关	2	15
832	文件	2	10
832	的	1	8
832	副本	2	16
832	予以	2	8
832	确认	2	16
832	即使	2	15
832	我们	2	12
832	相信	2	18
832	他	1	5
833	我	1	7
833	认为	2	8
833	今	1	4
833	次	1	6
833	选举	2	18
833	主席	2	15
833	后果	2	14
833	十分	2	6
833	重大	2	12
833	足以	2	11
833	带来	2	16
833	宪制	2	17
833	危机	2	12
834	我们	2	12
834	是	1	9
834	否	1	7
834	必须	2	14
834	如此	2	12
834	草率	2	30
834	仓促	2	13
834	地	1	6
834	处理	2	16
835	另	1	5
835	一	1	1
835	点	1	9
835	刚才	2	9
835	也	1	3
835	有	1	6
835	同事	2	14
835	提	1	12
835	到	1	8
835	就	1	12
835	英国	2	16
835	国籍法	3	36
835	所	1	8
835	订	1	4
835	有关	2	12
835	取消	2	18
835	国籍	2	28
835	和	1	8
835	居留权	3	24
835	的	1	8
835	问题	2	21
835	上	1	3
835	我	1	7
835	认为	2	8
835	当中	2	10
835	仍	1	6
835	有	1	6
835	争议	2	11
836	而	1	6
836	我们	2	12
836	似乎	2	12
836	未	1	5
836	有	1	6
836	充分	2	10
836	谘询	2	19
836	法律	2	17
836	意见	2	17
837	在	1	6
837	此	1	6
837	情况	2	18
837	下	1	3
837	就	1	12
837	基本法	3	24
837	第七十一	4	16
837	条	1	7
837	所	1	8
837	指	1	9
837	的	1	8
837	外国	2	13
837	居留权	3	24
837	问题	2	21
837	我	1	7
837	认为	2	8
837	在	1	6
837	未	1	5
837	澄清	2	26
837	之前	2	12
837	是	1	9
837	否	1	7
837	必须	2	14
837	在	1	6
837	这	1	7
837	一	1	1
837	刻	1	8
837	选举	2	18
837	立法会	3	19
837	主席	2	15
838	刚才	2	9
838	提到	2	20
838	规程	2	20
838	问题	2	21
839	你	1	7
839	说	1	9
839	你	1	7
839	的	1	8
839	责任	2	14
839	是	1	9
839	主持	2	14
839	会议	2	11
839	以及	2	7
839	在	1	6
839	得	1	11
839	出	1	5
839	结果	2	17
839	后	1	6
839	作	1	7
839	出	1	5
839	宣布	2	14
840	其实	2	16
840	有	1	6
840	一	1	1
840	件	1	6
840	事情	2	19
840	是	1	9
840	否	1	7
840	也	1	3
840	属于	2	15
840	你	1	7
840	的	1	8
840	权力	2	8
840	范围	2	15
840	就	1	12
840	是	1	9
840	中止	2	8
840	整个	2	19
840	会议	2	11
841	面对	2	14
841	这些	2	15
841	法律	2	17
841	观点	2	15
841	或	1	8
841	风险	2	13
841	你	1	7
841	认为	2	8
841	今天	2	8
841	是	1	9
841	否	1	7
841	不	1	4
841	适宜	2	17
841	就	1	12
841	选举	2	18
841	立法会	3	19
841	主席	2	15
841	作	1	7
841	出	1	5
841	决定	2	14
842	多谢	2	18
842	主席	2	15
843	我	1	7
843	是	1	9
843	第一	2	12
843	次	1	6
843	参与	2	11
843	立法会	3	19
843	会议	2	11
844	正如	2	11
844	李慧琼	3	34
844	议员	2	12
844	所	1	8
844	言	1	7
844	很多	2	15
844	香港	2	21
844	人	1	2
844	正在	2	11
844	观看	2	15
844	和	1	8
844	关注	2	14
844	这	1	7
844	次	1	6
844	会议	2	11
845	正	1	5
845	因	1	6
845	如此	2	12
845	我们	2	12
845	对	1	5
845	自己	2	9
845	应	1	7
845	有	1	6
845	更	1	7
845	高	1	10
845	的	1	8
845	要求	2	16
846	刚才	2	9
846	我	1	7
846	留意	2	23
846	到	1	8
846	最大	2	15
846	的	1	8
846	问题	2	21
846	是	1	9
846	什么	2	7
847	我	1	7
847	仍	1	6
847	是	1	9
847	一	1	1
847	名	1	6
847	大学生	3	16
848	但	1	7
848	这	1	7
848	次	1	6
848	选举	2	18
848	的	1	8
848	严谨	2	20
848	程度	2	21
848	比	1	4
848	大学	2	11
848	学生会	3	19
848	选举	2	18
848	更	1	7
848	不如	2	10
849	怎	1	9
849	可能	2	15
849	在	1	6
849	尚	1	8
849	未	1	5
849	确定	2	20
849	候选人	3	21
849	的	1	8
849	国籍	2	28
849	便	1	9
849	开展	2	14
849	整个	2	19
849	程式	2	18
850	他	1	5
850	现在	2	14
850	只	1	5
850	是	1	9
850	口头	2	8
850	表示	2	13
851	虽然	2	21
851	有	1	6
851	人	1	2
851	指	1	9
851	那些	2	14
851	信件	2	15
851	可	1	5
851	证实	2	15
851	其	1	8
851	事	1	8
851	但	1	7
851	都	1	10
851	不过	2	10
851	是	1	9
851	口头上	3	11
851	的	1	8
851	确认	2	16
852	倘若	2	18
852	秘书处	3	19
852	和	1	8
852	主席	2	15
852	对	1	5
852	整个	2	19
852	选举	2	18
852	负责	2	14
852	或	1	8
852	觉得	2	20
852	整个	2	19
852	立法会	3	19
852	要	1	9
852	取信于民	4	25
852	重新	2	21
852	取得	2	19
852	市民	2	10
852	的	1	8
852	信任	2	15
852	便	1	9
852	更	1	7
852	要	1	9
852	将	1	9
852	每	1	7
852	个	1	3
852	程式	2	18
852	做	1	11
852	得	1	11
852	更	1	7
852	严谨	2	20
852	而	1	6
852	非	1	8
852	按	1	9
852	章	1	11
852	工作	2	10
852	即	1	7
852	秘书处	3	19
852	说	1	9
852	不	1	4
852	需要	2	23
852	查	1	9
852	便	1	9
852	不	1	4
852	查	1	9
853	要求	2	16
853	提供	2	20
853	一	1	1
853	份	1	6
853	书面	2	13
853	和	1	8
853	具有	2	14
853	法律	2	17
853	效力	2	12
853	的	1	8
853	文件	2	10
853	本应	2	12
853	很	1	9
853	简单	2	21
854	即使	2	15
854	我	1	7
854	参加	2	13
854	学生会	3	19
854	选举	2	18
854	亦	1	6
854	需	1	14
854	提供	2	20
854	学生证	3	20
854	证明	2	15
854	我	1	7
854	是	1	9
854	大学	2	11
854	的	1	8
854	学生	2	13
855	主席	2	15
855	如果	2	14
855	连	1	7
855	如此	2	12
855	简单	2	21
855	的	1	8
855	程序	2	19
855	也	1	3
855	不	1	4
855	能	1	10
855	完成	2	13
855	整个	2	19
855	立法会	3	19
855	不	1	4
855	可能	2	15
855	取信于人	4	22
856	这	1	7
856	是	1	9
856	第一	2	12
856	个	1	3
856	问题	2	21
857	第二	2	13
857	个	1	3
857	问题	2	21
857	我们	2	12
857	现在	2	14
857	尚	1	8
857	未	1	5
857	弄	1	7
857	清楚	2	24
857	多少	2	10
857	议员	2	12
857	能够	2	21
857	投票	2	18
858	议事	2	13
858	规则	2	14
858	最	1	12
858	基本	2	16
858	的	1	8
858	精神	2	23
858	是	1	9
858	确保	2	21
858	每	1	7
858	位	1	7
858	议员	2	12
858	有	1	6
858	充足	2	13
858	机会	2	12
858	完成	2	13
858	宣誓	2	23
858	程序	2	19
859	而	1	6
859	秘书长	3	18
859	不	1	4
859	能	1	10
859	基于	2	14
859	完全	2	13
859	没有	2	13
859	法律	2	17
859	理据	2	22
859	的	1	8
859	无理	2	15
859	质疑	2	25
859	凭	1	8
859	其	1	8
859	个人	2	5
859	判断	2	18
859	向	1	6
859	其他	2	13
859	议员	2	12
859	表示	2	13
859	他	1	5
859	没有	2	13
859	能力	2	12
859	主持	2	14
859	监誓	2	24
860	我	1	7
860	认为	2	8
860	这	1	7
860	是	1	9
860	完全	2	13
860	违反	2	11
860	了	1	2
860	议事	2	13
860	规则	2	14
860	应	1	7
860	有	1	6
860	的	1	8
860	精神	2	23
861	即	1	7
861	让	1	5
861	所有	2	14
861	议员	2	12
861	能够	2	21
861	成功	2	11
861	完成	2	13
861	宣誓	2	23
861	程式	2	18
861	然后	2	18
861	才	1	3
861	进行	2	13
861	立法会	3	19
861	主席	2	15
861	选举	2	18
862	所以	2	12
862	秘书长	3	18
862	陈维安	3	24
862	刚才	2	9
862	的	1	8
862	决定	2	14
862	或	1	8
862	判断	2	18
862	完全	2	13
862	是	1	9
862	是	1	9
862	完全	2	13
862	没有	2	13
862	任何	2	13
862	基础	2	21
862	的	1	8
862	判断	2	18
863	如果	2	14
863	大家	2	13
863	翻看	2	27
863	刚才	2	9
863	录影	2	23
863	片段	2	13
863	其实	2	16
863	三	1	3
863	位	1	7
863	议员	2	12
863	已	1	3
863	完整	2	23
863	读	1	10
863	完	1	7
863	誓词	2	21
864	而	1	6
864	议事	2	13
864	规则	2	14
864	只	1	5
864	规定	2	16
864	议员	2	12
864	要	1	9
864	完整	2	23
864	读	1	10
864	出	1	5
864	誓词	2	21
865	所以	2	12
865	秘书长	3	18
865	不	1	4
865	能	1	10
865	以	1	4
865	语气	2	13
865	或	1	8
865	其他	2	13
865	条件	2	13
865	为	1	4
865	标准	2	19
865	判断	2	18
865	他	1	5
865	无权	2	10
865	监誓	2	24
866	我	1	7
866	希望	2	18
866	主席	2	15
866	明白	2	13
866	大家	2	13
866	面前	2	18
866	有	1	6
866	两	1	7
866	大	1	3
866	问题	2	21
867	如果	2	14
867	我们	2	12
867	不	1	4
867	先	1	6
867	处理	2	16
867	这些	2	15
867	问题	2	21
867	然后	2	18
867	才	1	3
867	进行	2	13
867	主席	2	15
867	选举	2	18
867	立法会	3	19
867	便	1	9
867	难以	2	14
867	取信于人	4	22
868	我	1	7
868	相信	2	18
868	很多	2	15
868	议员	2	12
868	包括	2	14
868	众多	2	12
868	有	1	6
868	广大	2	6
868	民意	2	18
868	基础	2	21
868	支持	2	13
868	的	1	8
868	直选	2	17
868	议员	2	12
868	都	1	10
868	不	1	4
868	能	1	10
868	信纳	2	16
868	这	1	7
868	次	1	6
868	选举	2	18
868	结果	2	17
869	主席	2	15
869	今天	2	8
869	我们	2	12
869	向	1	6
869	香港	2	21
869	人	1	2
869	展示	2	15
869	一	1	1
869	个	1	3
869	粗疏	2	23
869	得	1	11
869	不	1	4
869	能	1	10
869	再	1	6
869	粗疏	2	23
869	的	1	8
869	程序	2	19
870	梁君彦	3	27
870	议员	2	12
870	连	1	7
870	正本	2	10
870	都	1	10
870	拿	1	10
870	不	1	4
870	出来	2	12
870	证明	2	15
870	自己	2	9
870	的	1	8
870	国籍	2	28
871	只	1	5
871	提供	2	20
871	一	1	1
871	份	1	6
871	副本	2	16
871	不	1	4
871	像	1	13
871	副本	2	16
871	的	1	8
871	文件	2	10
872	最	1	12
872	糟糕	2	33
872	的	1	8
872	是	1	9
872	他	1	5
872	连	1	7
872	居留权	3	24
872	都	1	10
872	未	1	5
872	能	1	10
872	厘清	2	20
873	如果	2	14
873	我们	2	12
873	今	1	4
873	天	1	4
873	在	1	6
873	一	1	1
873	种	1	9
873	如此	2	12
873	粗疏	2	23
873	的	1	8
873	情况	2	18
873	下	1	3
873	进入	2	9
873	选举	2	18
873	立法会	3	19
873	的	1	8
873	程序	2	19
873	主席	2	15
873	就	1	12
873	是	1	9
873	让	1	5
873	梁君彦	3	27
873	议员	2	12
873	过	1	6
873	了	1	2
873	海	1	10
873	便	1	9
873	是	1	9
873	神仙	2	14
874	他	1	5
874	当然	2	18
874	乐意	2	18
875	我	1	7
875	觉得	2	20
875	大家	2	13
875	刚才	2	9
875	问	1	6
875	的	1	8
875	问题	2	21
875	都	1	10
875	很	1	9
875	具体	2	15
876	候选人	3	21
876	的	1	8
876	资格	2	20
876	以至	2	10
876	哪些	2	17
876	议员	2	12
876	合	1	6
876	资格	2	20
876	投票	2	18
876	我们	2	12
876	都	1	10
876	未	1	5
876	能	1	10
876	厘清	2	20
877	在	1	6
877	如此	2	12
877	混乱	2	18
877	粗疏	2	23
877	的	1	8
877	情况	2	18
877	下	1	3
877	进入	2	9
877	选举	2	18
877	程序	2	19
877	主席	2	15
877	我	1	7
877	怕	1	8
877	你	1	7
877	背负	2	15
877	的	1	8
877	压力	2	8
877	会	1	6
877	很	1	9
877	大	1	3
878	因此	2	12
878	我	1	7
878	希望	2	18
878	主席	2	15
878	你	1	7
878	能够	2	21
878	耐心	2	13
878	聆听	2	18
878	议员	2	12
878	的	1	8
878	意见	2	17
878	然后	2	18
878	作出	2	12
878	裁决	2	18
879	如果	2	14
879	在	1	6
879	一	1	1
879	种	1	9
879	如此	2	12
879	不	1	4
879	能	1	10
879	服众	2	14
879	的	1	8
879	情况	2	18
879	下	1	3
879	进行	2	13
879	立法会	3	19
879	主席	2	15
879	选举	2	18
879	香港	2	21
879	人	1	2
879	是	1	9
879	会	1	6
879	看	1	9
879	到	1	8
879	的	1	8
880	谢谢	2	24
880	主席	2	15
881	主席	2	15
881	对于	2	8
881	你	1	7
881	刚才	2	9
881	所	1	8
881	说	1	9
881	只有	2	11
881	立法会	3	19
881	主席	2	15
881	才	1	3
881	有	1	6
881	居留权	3	24
881	限制	2	16
881	候选人	3	21
881	没有	2	13
881	我	1	7
881	完全	2	13
881	不	1	4
881	能	1	10
881	接受	2	19
882	如果	2	14
882	我们	2	12
882	这	1	7
882	一	1	1
882	刻	1	8
882	进行	2	13
882	投票	2	18
882	当选者	3	23
882	下	1	3
882	一	1	1
882	刻	1	8
882	便	1	9
882	成为	2	10
882	立法会	3	19
882	主席	2	15
883	因此	2	12
883	我们	2	12
883	绝对	2	14
883	有	1	6
883	义务	2	8
883	厘清	2	20
883	他	1	5
883	已	1	3
883	完成	2	13
883	所有	2	14
883	放弃	2	15
883	英国	2	16
883	居留权	3	24
883	的	1	8
883	手续	2	15
883	并且	2	11
883	交	1	6
883	出	1	5
883	正本	2	10
883	以	1	4
883	正	1	5
883	视听	2	15
884	立法会	3	19
884	秘书处	3	19
884	亦	1	6
884	有	1	6
884	责任	2	14
884	维护	2	18
884	这个	2	10
884	程序	2	19
884	正确	2	17
884	和	1	8
884	完整	2	23
884	地	1	6
884	进行	2	13
885	所以	2	12
885	如果	2	14
885	梁君彦	3	27
885	议员	2	12
885	仍然	2	18
885	无法	2	12
885	交	1	6
885	出	1	5
885	盖	1	11
885	有	1	6
885	正规	2	13
885	印章	2	16
885	的	1	8
885	信件	2	15
885	正本	2	10
885	他	1	5
885	应该	2	15
885	不	1	4
885	符合	2	17
885	参选	2	17
885	资格	2	20
886	除了	2	11
886	设置	2	19
886	两	1	7
886	个	1	3
886	投票箱	3	33
886	分别	2	11
886	供	1	8
886	投	1	7
886	废票	2	19
886	和	1	8
886	投	1	7
886	给	1	9
886	涂谨申	3	28
886	议员	2	12
886	我们	2	12
886	是	1	9
886	否	1	7
886	还	1	7
886	要	1	9
886	为	1	4
886	梁君彦	3	27
886	议员	2	12
886	设置	2	19
886	投票箱	3	33
887	这	1	7
887	相当	2	15
887	影响	2	24
887	未来	2	12
887	立法会	3	19
887	任期	2	18
887	内	1	4
887	会议	2	11
887	如何	2	13
887	进行	2	13
887	跟	1	13
887	全	1	6
887	港	1	12
887	公众	2	10
887	利益	2	17
887	也	1	3
887	有	1	6
887	莫大	2	13
887	关系	2	13
888	我	1	7
888	认为	2	8
888	这	1	7
888	一	1	1
888	刻	1	8
888	一定	2	9
888	要	1	9
888	处理	2	16
888	这	1	7
888	件	1	6
888	事	1	8
889	如果	2	14
889	梁君彦	3	27
889	议员	2	12
889	无法	2	12
889	交	1	6
889	出	1	5
889	文件	2	10
889	正本	2	10
889	他	1	5
889	应该	2	15
889	不	1	4
889	符合	2	17
889	参选	2	17
889	资格	2	20
890	我	1	7
890	刚才	2	9
890	只	1	5
890	是	1	9
890	依书直说	4	29
890	向	1	6
890	大家	2	13
890	引述	2	12
890	基本法	3	24
890	的	1	8
890	内容	2	13
890	并	1	6
890	没有	2	13
890	加入	2	7
890	个人	2	5
890	意见	2	17
891	由于	2	8
891	主席	2	15
891	不	1	4
891	应	1	7
891	加入	2	7
891	个人	2	5
891	意见	2	17
891	况且	2	12
891	当中	2	10
891	涉及	2	13
891	宪制	2	17
891	和	1	8
891	法律	2	17
891	的	1	8
891	问题	2	21
891	我	1	7
891	不	1	4
891	宜	1	8
891	给予	2	13
891	任何	2	13
891	意见	2	17
892	即使	2	15
892	我	1	7
892	提	1	12
892	出	1	5
892	意见	2	17
892	也	1	3
892	未必	2	10
892	是	1	9
892	最	1	12
892	正确	2	17
892	无误	2	13
893	只	1	5
893	供	1	8
893	大家	2	13
893	参考	2	14
893	而已	2	9
894	任何	2	13
894	一	1	1
894	项	1	9
894	选举	2	18
894	不论	2	10
894	是	1	9
894	我	1	7
894	以往	2	12
894	参加	2	13
894	过	1	6
894	的	1	8
894	学生会	3	19
894	选举	2	18
894	以至	2	10
894	今	1	4
894	天	1	4
894	立法会	3	19
894	主席	2	15
894	的	1	8
894	选举	2	18
895	主席	2	15
895	如果	2	14
895	这	1	7
895	是	1	9
895	正式	2	11
895	会议	2	11
895	梁颂恒	3	30
895	议员	2	12
895	没有	2	13
895	资格	2	20
895	参加	2	13
895	这个	2	10
895	会议	2	11
896	主席	2	15
896	那么	2	9
896	我	1	7
896	修正	2	14
896	我	1	7
896	第一	2	12
896	个	1	3
896	问题	2	21
897	我	1	7
897	想	1	13
897	问	1	6
897	我	1	7
897	现在	2	14
897	究竟	2	18
897	有	1	6
897	没	1	7
897	有	1	6
897	权	1	6
897	参加	2	13
897	这个	2	10
897	会议	2	11
898	主席	2	15
898	根据	2	21
898	议事	2	13
898	规则	2	14
898	和	1	8
898	相关	2	15
898	法例	2	16
898	任何	2	13
898	未	1	5
898	宣誓	2	23
898	的	1	8
898	议员	2	12
898	不	1	4
898	能	1	10
898	参加	2	13
898	正式	2	11
898	会议	2	11
898	和	1	8
898	发言	2	12
899	主席	2	15
899	那么	2	9
899	我	1	7
899	下	1	3
899	一	1	1
899	个	1	3
899	问题	2	21
899	来	1	7
899	了	1	2
900	议事	2	13
900	规则	2	14
900	第十二	3	15
900	条	1	7
900	每	1	7
900	届	1	8
900	任期	2	18
900	的	1	8
900	首	1	9
900	次	1	6
900	会议	2	11
900	订	1	4
900	明	1	8
901	一	1	1
901	在	1	6
901	立法会	3	19
901	每	1	7
901	届	1	8
901	任期	2	18
901	首	1	9
901	次	1	6
901	会议	2	11
901	上	1	3
901	议员	2	12
901	须	1	9
901	按照	2	22
901	本	1	5
901	议事	2	13
901	规则	2	14
901	第一	2	12
901	条	1	7
901	宗教	2	19
901	式	1	6
901	或	1	8
901	非宗教	3	27
901	式	1	6
901	宣誓	2	23
901	的	1	8
901	规定	2	16
901	作	1	7
901	宗教	2	19
901	式	1	6
901	或	1	8
901	非宗教	3	27
901	式	1	6
901	宣誓	2	23
902	二	1	2
902	在	1	6
902	所有	2	14
902	出席	2	15
902	会议	2	11
902	的	1	8
902	议员	2	12
902	包括	2	14
902	我	1	7
902	作	1	7
902	宗教	2	19
902	式	1	6
902	或	1	8
902	非宗教	3	27
902	式	1	6
902	宣誓	2	23
902	后	1	6
902	须	1	9
902	按照	2	22
902	本	1	5
902	议事	2	13
902	规则	2	14
902	第四	2	16
902	条	1	7
902	立法会	3	19
902	主席	2	15
902	的	1	8
902	选举	2	18
902	规定	2	16
902	的	1	8
902	程序	2	19
902	进行	2	13
902	立法会	3	19
902	主席	2	15
902	的	1	8
902	选举	2	18
903	主席	2	15
903	这里	2	14
903	涉及	2	13
903	先后	2	12
903	次序	2	13
903	的	1	8
903	问题	2	21
904	我们	2	12
904	尚	1	8
904	未	1	5
904	完成	2	13
904	第一	2	12
904	款	1	12
904	的	1	8
904	程序	2	19
904	即	1	7
904	所有	2	14
904	出席	2	15
904	这	1	7
904	次	1	6
904	会议	2	11
904	的	1	8
904	议员	2	12
904	进行	2	13
904	宣誓	2	23
905	试问	2	14
905	怎	1	9
905	能	1	10
905	进入	2	9
905	第二	2	13
905	款	1	12
905	选举	2	18
905	立法会	3	19
905	主席	2	15
905	的	1	8
905	程序	2	19
906	这	1	7
906	是	1	9
906	很	1	9
906	严重	2	16
906	的	1	8
906	规程	2	20
906	问题	2	21
907	既然	2	21
907	我	1	7
907	已	1	3
907	容许	2	15
907	其他	2	13
907	议员	2	12
907	就座	2	22
907	便	1	9
907	不	1	4
907	会	1	6
907	作出	2	12
907	不	1	4
907	容许	2	15
907	议员	2	12
907	发言	2	12
907	的	1	8
907	决定	2	14
908	我	1	7
908	会	1	6
908	让	1	5
908	他	1	5
908	发言	2	12
909	主席	2	15
909	如果	2	14
909	你	1	7
909	确认	2	16
909	这	1	7
909	是	1	9
909	一	1	1
909	个	1	3
909	正式	2	11
909	会议	2	11
909	你	1	7
909	这样	2	17
909	做	1	11
909	严重	2	16
909	违反	2	11
909	了	1	2
909	议事	2	13
909	规则	2	14
909	第一	2	12
909	条	1	7
909	的	1	8
909	规定	2	16
910	我	1	7
910	希望	2	18
910	你	1	7
910	重新	2	21
910	考虑	2	16
911	我	1	7
911	认为	2	8
911	要	1	9
911	改选	2	16
911	主席	2	15
912	我	1	7
912	和应	2	15
912	谢伟俊	3	27
912	议员	2	12
913	他	1	5
913	不	1	4
913	称职	2	21
914	要	1	9
914	改选	2	16
914	主席	2	15
915	你	1	7
915	可以	2	9
915	提出	2	17
915	质疑	2	25
915	但	1	7
915	我	1	7
915	已	1	3
915	作	1	7
915	了	1	2
915	决定	2	14
916	在席	2	16
916	议员	2	12
916	是	1	9
916	经过	2	14
916	选举	2	18
916	确认	2	16
916	的	1	8
916	议员	2	12
916	虽然	2	21
916	他	1	5
916	未	1	5
916	宣誓	2	23
916	但	1	7
916	我	1	7
916	会	1	6
916	容许	2	15
916	他	1	5
916	发言	2	12
917	你	1	7
917	可以	2	9
917	有	1	6
917	你	1	7
917	的	1	8
917	决定	2	14
918	但	1	7
918	我	1	7
918	想	1	13
918	知道	2	22
918	你	1	7
918	的	1	8
918	决定	2	14
918	是否	2	16
918	建基于	3	22
918	你	1	7
918	认为	2	8
918	有关	2	12
918	议员	2	12
918	是否	2	16
918	应该	2	15
918	正式	2	11
918	宣誓	2	23
919	如果	2	14
919	你	1	7
919	认为	2	8
919	他	1	5
919	的	1	8
919	宣誓	2	23
919	有效	2	16
919	而	1	6
919	准许	2	16
919	他	1	5
919	发言	2	12
919	你	1	7
919	可	1	5
919	以	1	4
919	此	1	6
919	为	1	4
919	基础	2	21
919	作出	2	12
919	决定	2	14
920	但	1	7
920	如果	2	14
920	你	1	7
920	同意	2	19
920	有关	2	12
920	宣誓	2	23
920	不	1	4
920	合理	2	17
920	和	1	8
920	不	1	4
920	合法	2	14
920	你	1	7
920	这样	2	17
920	做	1	11
920	便	1	9
920	严重	2	16
920	违反	2	11
920	了	1	2
920	议事	2	13
920	规则	2	14
920	第一	2	12
920	条	1	7
921	即使	2	15
921	任何	2	13
921	议员	2	12
921	未曾	2	17
921	作	1	7
921	最后	2	18
921	宣誓	2	23
921	他	1	5
921	仍	1	6
921	具	1	8
921	议员	2	12
921	的	1	8
921	资格	2	20
921	这	1	7
921	是	1	9
921	就	1	12
921	其	1	8
921	身份	2	13
921	而	1	6
921	言	1	7
922	当然	2	18
922	你	1	7
922	可以	2	9
922	说	1	9
922	他	1	5
922	尚	1	8
922	未	1	5
922	宣誓	2	23
922	尚	1	8
922	未	1	5
922	是	1	9
922	议员	2	12
923	但	1	7
923	问题	2	21
923	是	1	9
923	你	1	7
923	刚才	2	9
923	尚	1	8
923	未	1	5
923	宣誓	2	23
923	我	1	7
923	已	1	3
923	容许	2	15
923	你	1	7
923	就座	2	22
924	你	1	7
924	又	1	2
924	如何	2	13
924	解释	2	25
924	呢	1	8
925	主席	2	15
925	当	1	6
925	你	1	7
925	宣布	2	14
925	进入	2	9
925	选举	2	18
925	主席	2	15
925	的	1	8
925	第二	2	13
925	阶段	2	15
925	便	1	9
925	已	1	3
925	确认	2	16
925	完成	2	13
925	了	1	2
925	第一	2	12
925	阶段	2	15
925	的	1	8
925	宣誓	2	23
925	仪式	2	11
926	所以	2	12
926	你	1	7
926	不	1	4
926	要	1	9
926	搞	1	13
926	错	1	13
926	这个	2	10
926	逻辑	2	24
927	你	1	7
927	说	1	9
927	得	1	11
927	对	1	5
928	不过	2	10
928	问题	2	21
928	在于	2	9
928	尚	1	8
928	未	1	5
928	有	1	6
928	人	1	2
928	取消	2	18
928	他	1	5
928	的	1	8
928	资格	2	20
928	他	1	5
928	是	1	9
928	未	1	5
928	宣誓	2	23
929	你	1	7
929	先前	2	15
929	在	1	6
929	会议	2	11
929	上	1	3
929	就座	2	22
929	没	1	7
929	有	1	6
929	人	1	2
929	取消	2	18
929	你	1	7
929	的	1	8
929	资格	2	20
929	所以	2	12
929	你	1	7
929	有	1	6
929	资格	2	20
929	宣誓	2	23
930	我	1	7
930	是	1	9
930	指	1	9
930	他	1	5
930	发言	2	12
930	主席	2	15
931	不	1	4
931	是	1	9
931	取消	2	18
931	资格	2	20
932	这	1	7
932	是	1	9
932	下	1	3
932	一	1	1
932	步	1	7
932	会	1	6
932	处理	2	16
932	的	1	8
932	问题	2	21
933	我	1	7
933	只	1	5
933	是	1	9
933	提出	2	17
933	议员	2	12
933	要	1	9
933	完成	2	13
933	第一	2	12
933	阶段	2	15
933	的	1	8
933	宣誓	2	23
933	才	1	3
933	有	1	6
933	资格	2	20
933	进入	2	9
933	第二	2	13
933	阶段	2	15
933	参与	2	11
933	会议	2	11
934	你	1	7
934	可以	2	9
934	质疑	2	25
934	我	1	7
934	的	1	8
934	做法	2	19
935	但	1	7
935	我	1	7
935	认为	2	8
935	按照	2	22
935	刚才	2	9
935	的	1	8
935	程序	2	19
935	你们	2	12
935	尚未	2	13
935	宣誓	2	23
935	已	1	3
935	有	1	6
935	资格	2	20
935	在	1	6
935	会议厅	3	15
935	就座	2	22
935	我	1	7
935	是	1	9
935	基于	2	14
935	这个	2	10
935	理念	2	19
935	作出	2	12
935	决定	2	14
936	你	1	7
936	问	1	6
936	我	1	7
936	理据	2	22
936	是	1	9
936	什么	2	7
936	我	1	7
936	已	1	3
936	向	1	6
936	你	1	7
936	作出	2	12
936	解释	2	25
937	无论	2	10
937	你	1	7
937	接受	2	19
937	与	1	3
937	否	1	7
937	又	1	2
937	或	1	8
937	我	1	7
937	的	1	8
937	决定	2	14
937	是	1	9
937	对	1	5
937	或	1	8
937	错	1	13
938	如果	2	14
938	你	1	7
938	仍	1	6
938	视	1	8
938	我	1	7
938	为	1	4
938	主席	2	15
938	并	1	6
938	称呼	2	18
938	我	1	7
938	为	1	4
938	主席	2	15
938	你	1	7
938	便	1	9
938	要	1	9
938	接受	2	19
938	我	1	7
938	的	1	8
938	决定	2	14
939	除非	2	17
939	你	1	7
939	不	1	4
939	把	1	7
939	我	1	7
939	当作	2	13
939	主席	2	15
939	那	1	6
939	就	1	12
939	不用	2	9
939	理会	2	17
939	我	1	7
939	这	1	7
939	决定	2	14
940	梁颂恒	3	30
940	议员	2	12
940	你	1	7
940	是否	2	16
940	要	1	9
940	继续	2	21
940	发言	2	12
941	主席	2	15
941	我	1	7
941	明白	2	13
941	你	1	7
941	不	1	4
941	想	1	13
941	当	1	6
941	丑人	2	6
941	但	1	7
941	你	1	7
941	不	1	4
941	可以	2	9
941	违反	2	11
941	议事	2	13
941	规则	2	14
942	议事	2	13
942	规则	2	14
942	第一	2	12
942	条	1	7
942	订明	2	12
942	议员	2	12
942	未	1	5
942	宣誓	2	23
942	便	1	9
942	不	1	4
942	能	1	10
942	参与	2	11
942	会议	2	11
943	你	1	7
943	可以	2	9
943	提出	2	17
943	质疑	2	25
943	但	1	7
943	我	1	7
943	刚才	2	9
943	已	1	3
943	作出	2	12
943	决定	2	14
944	你	1	7
944	没有	2	13
944	权	1	6
944	议事	2	13
944	规则	2	14
944	作出	2	12
944	这	1	7
944	决定	2	14
945	你	1	7
945	根本	2	15
945	没	1	7
945	有	1	6
945	作出	2	12
945	这	1	7
945	决定	2	14
946	我	1	7
946	已	1	3
946	说	1	9
946	了	1	2
947	我	1	7
947	的	1	8
947	决定	2	14
947	可以	2	9
947	是	1	9
947	错	1	13
947	或	1	8
947	对	1	5
948	但	1	7
948	无论	2	10
948	如何	2	13
948	我	1	7
948	今天	2	8
948	不	1	4
948	会	1	6
948	跟	1	13
948	你	1	7
948	争论	2	12
949	这	1	7
949	是	1	9
949	错	1	13
949	的	1	8
949	决定	2	14
950	你	1	7
950	是否	2	16
950	要	1	9
950	作出	2	12
950	违反	2	11
950	议事	2	13
950	规则	2	14
950	的	1	8
950	决定	2	14
951	我	1	7
951	已	1	3
951	作出	2	12
951	决定	2	14
952	如果	2	14
952	你	1	7
952	不	1	4
952	同意	2	19
952	我	1	7
952	的	1	8
952	决定	2	14
952	可以	2	9
952	向	1	6
952	法庭	2	17
952	提出	2	17
952	质疑	2	25
953	为何	2	11
953	你	1	7
953	这些	2	15
953	话	1	8
953	不	1	4
953	跟	1	13
953	他们	2	10
953	说	1	9
954	为何	2	11
954	你	1	7
954	不	1	4
954	叫	1	5
954	他们	2	10
954	向	1	6
954	法庭	2	17
954	提出	2	17
954	要	1	9
954	执行	2	20
954	你	1	7
954	的	1	8
954	决定	2	14
955	我	1	7
955	不	1	4
955	是	1	9
955	已	1	3
955	决定	2	14
955	了	1	2
955	吗	1	6
956	为何	2	11
956	你	1	7
956	这些	2	15
956	话	1	8
956	只	1	5
956	对	1	5
956	我	1	7
956	说	1	9
956	却	1	7
956	不	1	4
956	对	1	5
956	你	1	7
956	身旁	2	17
956	的	1	8
956	人	1	2
956	说	1	9
957	我	1	7
957	已经	2	11
957	作出	2	12
957	决定	2	14
957	让	1	5
957	他	1	5
957	发言	2	12
958	梁耀忠	3	39
958	为何	2	11
958	要	1	9
958	这样	2	17
958	呢	1	8
959	你	1	7
959	可否	2	12
959	保持	2	18
959	中立	2	9
959	和	1	8
959	公正	2	9
959	按照	2	22
959	议事	2	13
959	规则	2	14
959	来	1	7
959	办事	2	12
960	我	1	7
960	知道	2	22
960	你	1	7
960	不	1	4
960	会	1	6
960	当	1	6
960	丑人	2	6
960	也	1	3
960	不	1	4
960	想	1	13
960	为难	2	14
960	你	1	7
961	你	1	7
961	只	1	5
961	需	1	14
961	按照	2	22
961	议事	2	13
961	规则	2	14
961	便	1	9
961	可以	2	9
962	根据	2	21
962	议事	2	13
962	规则	2	14
962	我	1	7
962	作	1	7
962	的	1	8
962	决定	2	14
962	便	1	9
962	是	1	9
962	最终	2	20
962	决定	2	14
963	主席	2	15
963	规程	2	20
963	问题	2	21
964	请	1	10
964	大家	2	13
964	先	1	6
964	坐	1	7
964	下	1	3
965	规程	2	20
965	问题	2	21
965	主席	2	15
965	立法会	3	19
965	是	1	9
965	庄严	2	13
965	的	1	8
965	地方	2	10
966	希望	2	18
966	你	1	7
966	请	1	10
966	那些	2	14
966	在	1	6
966	你	1	7
966	身旁	2	17
966	的	1	8
966	议员	2	12
966	返回	2	13
966	座位	2	17
967	请	1	10
967	大家	2	13
967	坐	1	7
967	下	1	3
967	并	1	6
967	保持	2	18
967	肃静	2	22
968	梁美芬	3	27
968	议员	2	12
968	我	1	7
968	还	1	7
968	未	1	5
968	批准	2	17
968	你	1	7
968	发言	2	12
968	请	1	10
968	坐	1	7
968	下	1	3
969	我	1	7
969	不	1	4
969	是	1	9
969	插队	2	16
969	发言	2	12
969	主席	2	15
970	我	1	7
970	希望	2	18
970	在	1	6
970	你	1	7
970	身旁	2	17
970	的	1	8
970	议员	2	12
970	可以	2	9
970	返回	2	13
970	座位	2	17
970	因为	2	10
970	我们	2	12
970	感到	2	21
970	很	1	9
970	骚扰	2	19
971	我们	2	12
971	希望	2	18
971	主席	2	15
971	你	1	7
971	一	1	1
971	个	1	3
971	人	1	2
971	主持	2	14
971	会议	2	11
972	不	1	4
972	应	1	7
972	有	1	6
972	五	1	4
972	个	1	3
972	人	1	2
972	垂帘听政	4	32
973	你	1	7
973	不	1	4
973	需要	2	23
973	这些	2	15
973	人	1	2
973	来	1	7
973	保护	2	16
973	对	1	5
973	吗	1	6
974	梁美芬	3	27
974	教授	2	22
975	我们	2	12
975	感到	2	21
975	非常	2	19
975	骚扰	2	19
976	我	1	7
976	希望	2	18
976	主席	2	15
976	裁决	2	18
977	请	1	10
977	这	1	7
977	五	1	4
977	位	1	7
977	议员	2	12
977	返回	2	13
977	座位	2	17
977	因为	2	10
977	立法会	3	19
977	议事	2	13
977	规则	2	14
978	刚才	2	9
978	的	1	8
978	会议	2	11
978	本来	2	12
978	进行	2	13
978	得	1	11
978	很	1	9
978	好	1	6
979	第四十二	4	20
979	条	1	7
979	清楚	2	24
979	订	1	4
979	明	1	8
980	只	1	5
980	是	1	9
980	你们	2	12
980	提出	2	17
980	这些	2	15
980	问题	2	21
980	会议	2	11
980	便	1	9
980	不	1	4
980	能	1	10
980	进行	2	13
981	主席	2	15
981	我	1	7
981	希望	2	18
981	你	1	7
981	要求	2	16
981	那	1	6
981	五	1	4
981	位	1	7
981	议员	2	12
981	返回	2	13
981	座位	2	17
982	梁美芬	3	27
982	议员	2	12
982	我	1	7
982	还	1	7
982	未	1	5
982	叫唤	2	15
982	你	1	7
982	发言	2	12
983	请	1	10
983	你	1	7
983	先	1	6
983	坐	1	7
983	下	1	3
984	下	1	3
984	一	1	1
984	位	1	7
984	是	1	9
984	陈志全	3	20
984	议员	2	12
985	梁颂恒	3	30
985	议员	2	12
985	尚	1	8
985	未	1	5
985	说	1	9
985	完	1	7
986	梁颂恒	3	30
986	议员	2	12
986	你	1	7
986	刚才	2	9
986	坐	1	7
986	下来	2	10
987	我	1	7
987	以为	2	8
987	你	1	7
987	已	1	3
987	发言	2	12
987	完毕	2	13
988	请	1	10
988	你	1	7
988	继续	2	21
989	主席	2	15
989	我	1	7
989	忘记	2	12
989	说	1	9
989	到	1	8
989	哪里	2	16
990	刚才	2	9
990	较为	2	14
990	混乱	2	18
991	其实	2	16
991	在	1	6
991	选举	2	18
991	中	1	4
992	请	1	10
992	议员	2	12
992	坐	1	7
992	下	1	3
993	在	1	6
993	我	1	7
993	叫唤	2	15
993	议员	2	12
993	发言	2	12
993	前	1	9
993	请	1	10
993	先	1	6
993	坐	1	7
993	下	1	3
994	梁颂恒	3	30
994	议员	2	12
994	请	1	10
994	继续	2	21
994	发言	2	12
995	在	1	6
995	任何	2	13
995	选举	2	18
995	中	1	4
995	最	1	12
995	重要	2	18
995	的	1	8
995	两	1	7
995	点	1	9
995	就	1	12
995	是	1	9
995	候选人	3	21
995	资格	2	20
995	及	1	3
995	选民	2	14
995	基础	2	21
996	现在	2	14
996	出现	2	13
996	了	1	2
996	两	1	7
996	个	1	3
996	问题	2	21
997	第一	2	12
997	候选人	3	21
997	的	1	8
997	资格	2	20
997	成疑	2	23
998	刚才	2	9
998	多	1	6
998	位	1	7
998	议员	2	12
998	已	1	3
998	说	1	9
998	过	1	6
998	这	1	7
998	点	1	9
998	我	1	7
998	不	1	4
998	详述	2	16
999	第二	2	13
999	个	1	3
999	问题	2	21
999	是	1	9
999	关于	2	9
999	投票人	3	20
999	的	1	8
999	资格	2	20
999	议事	2	13
999	规则	2	14
999	订	1	4
999	明	1	8
999	的	1	8
999	上	1	3
999	一	1	1
999	项	1	9
999	程序	2	19
999	根本	2	15
999	未	1	5
999	完成	2	13
1000	如何	2	13
1000	开始	2	12
1000	下	1	3
1000	一	1	1
1000	步	1	7
1000	选举	2	18
1000	主席	2	15
1000	的	1	8
1000	会议	2	11
1001	议事	2	13
1001	规则	2	14
1001	已	1	3
1001	清楚	2	24
1001	订	1	4
1001	明	1	8
1001	由	1	5
1001	议员	2	12
1001	宣誓	2	23
1001	至	1	6
1001	选举	2	18
1001	主席	2	15
1001	的	1	8
1001	程序	2	19
1002	在	1	6
1002	第十二	3	15
1002	条	1	7
1002	每	1	7
1002	届	1	8
1002	任期	2	18
1002	的	1	8
1002	首	1	9
1002	次	1	6
1002	会议	2	11
1002	已	1	3
1002	有	1	6
1002	明确	2	20
1002	规定	2	16
1003	所以	2	12
1003	主席	2	15
1003	请	1	10
1003	你	1	7
1003	先	1	6
1003	看看	2	18
1003	议事	2	13
1003	规则	2	14
1003	以	1	4
1003	决定	2	14
1003	各	1	6
1003	事项	2	17
1003	的	1	8
1003	先后	2	12
1003	次序	2	13
1004	应该	2	15
1004	让	1	5
1004	每	1	7
1004	位	1	7
1004	出席	2	15
1004	会议	2	11
1004	的	1	8
1004	议员	2	12
1004	作	1	7
1004	出	1	5
1004	宗教	2	19
1004	式	1	6
1004	或	1	8
1004	非宗教	3	27
1004	式	1	6
1004	宣誓	2	23
1004	后	1	6
1004	再	1	6
1004	按照	2	22
1004	议事	2	13
1004	规则	2	14
1004	第四	2	16
1004	条	1	7
1004	进行	2	13
1004	选举	2	18
1004	主席	2	15
1004	的	1	8
1004	程序	2	19
