sent_id	character	component_n	stroke_n
651	刚	3	6
651	才	1	3
651	秘	2	10
651	书	1	4
651	处	2	5
651	已	1	3
651	宣	4	9
651	布	2	5
651	五	1	4
651	分	2	4
651	钟	2	9
651	后	2	6
651	复	2	9
651	会	3	6
652	现	2	8
652	在	2	6
652	时	2	7
652	间	2	7
652	过	2	6
652	了	1	2
653	我	1	7
653	想	3	13
653	跟	2	13
653	大	1	3
653	家	2	10
653	说	3	9
653	今	3	4
653	天	2	4
653	的	3	8
653	议	2	5
653	为	1	4
653	两	1	7
653	部	3	10
654	第	3	11
654	一	1	1
654	是	2	9
654	完	3	7
654	成	2	6
654	誓	3	14
655	而	1	6
655	二	1	2
655	选	3	9
655	举	3	9
655	立	1	5
655	法	3	8
655	主	2	5
655	席	2	10
656	知	2	8
656	道	2	14
656	有	2	6
656	同	2	6
656	事	1	8
656	对	2	5
656	候	3	10
656	人	1	2
656	国	2	8
656	籍	5	20
656	问	2	6
656	题	3	15
656	些	3	8
656	意	2	13
656	见	1	4
657	要	2	9
657	求	1	7
657	就	4	12
657	某	2	9
657	方	1	4
657	面	1	9
657	作	2	7
657	出	2	5
657	澄	5	15
657	清	2	11
658	由	1	5
658	于	1	3
658	并	4	6
658	没	3	7
658	任	3	6
658	何	3	7
658	程	3	12
658	序	2	7
658	容	2	9
658	许	3	6
658	们	2	5
658	厅	2	4
658	内	1	4
658	进	2	7
658	行	3	6
658	提	3	12
658	辩	3	16
658	论	3	6
658	或	2	8
658	谘	4	11
658	询	3	8
658	等	3	12
658	因	2	6
658	此	2	6
658	不	1	4
658	可	2	5
658	以	2	4
658	这	2	7
658	工	1	3
659	让	2	5
659	关	4	6
659	注	3	8
659	员	2	7
659	能	2	10
659	获	3	10
659	建	2	8
659	梁	2	11
659	君	2	7
659	彦	3	9
659	稍	3	12
659	到	3	8
659	外	2	5
659	向	2	6
659	新	3	12
659	闻	2	9
659	传	2	6
659	媒	3	12
659	交	2	6
659	代	2	5
659	他	2	5
660	亦	4	6
660	去	2	5
660	聆	4	11
660	听	2	7
660	阐	4	11
660	述	3	8
660	及	1	3
661	根	2	10
661	据	4	11
661	规	2	8
661	则	2	6
661	讨	2	5
662	请	2	10
662	取	2	8
663	预	2	10
663	期	3	12
663	将	3	9
663	下	1	3
663	午	2	4
663	三	1	3
663	十	1	2
663	正	2	5
663	式	2	6
663	恢	3	9
664	发	3	5
664	言	1	7
664	结	3	9
664	束	1	7
665	暂	3	12
665	停	5	11
666	较	3	10
666	原	2	10
666	先	2	6
666	迟	2	7
667	再	2	6
667	延	2	6
669	希	3	7
669	望	3	11
669	所	2	8
669	返	3	7
669	回	2	6
669	自	1	6
669	己	1	3
669	座	4	10
669	位	2	7
670	秩	3	10
670	地	2	6
673	但	3	7
673	其	2	8
673	帮	3	9
673	做	4	11
673	文	1	4
674	否	2	7
674	忙	2	6
674	理	3	11
674	上	1	3
674	比	1	4
674	困	2	7
674	难	2	10
676	如	2	6
676	果	1	8
677	给	3	9
680	范	3	8
680	畴	3	12
681	好	2	6
682	吗	2	6
683	经	2	8
683	步	2	7
683	解	2	13
683	特	3	10
683	别	3	7
683	安	2	6
683	排	2	11
683	和	2	8
684	各	2	6
684	便	2	9
684	应	3	7
684	该	4	8
684	情	2	11
684	况	3	7
685	无	1	4
685	当	2	6
685	释	2	12
685	个	2	3
685	保	3	9
685	证	3	7
685	令	3	5
685	满	2	13
686	持	3	9
686	只	2	5
687	确	2	12
687	得	2	11
687	答	3	12
687	场	2	6
687	合	2	6
688	中	1	4
688	办	1	4
689	哪	3	9
689	曾	3	12
689	手	1	4
690	看	2	9
691	把	2	7
691	表	2	8
691	示	1	5
691	名	2	6
691	单	3	8
693	争	2	6
693	权	2	6
693	力	1	2
693	样	2	10
694	执	2	14
695	实	2	8
695	也	1	3
695	很	2	9
696	附	3	7
696	六	2	4
696	七	1	2
696	段	3	9
696	定	2	8
696	担	3	8
696	最	3	12
696	长	1	4
696	来	1	7
697	投	3	7
697	票	2	11
699	话	2	8
699	违	2	7
699	反	2	4
701	明	2	8
701	究	3	7
701	竟	2	11
701	够	4	11
703	邀	3	16
704	离	2	10
704	开	2	4
704	又	1	2
704	怎	2	9
704	呢	3	8
705	真	3	10
705	紧	2	10
706	骚	4	12
706	扰	2	7
706	继	3	10
706	续	4	11
707	毛	1	4
707	孟	2	8
707	静	3	14
708	涉	3	10
711	感	4	13
711	谢	3	12
712	故	3	9
712	你	3	7
712	什	2	4
712	么	2	3
713	还	2	7
713	试	3	8
713	图	3	8
714	罢	3	10
715	封	3	9
715	信	2	9
715	乎	1	6
715	居	3	8
715	留	2	10
716	放	2	8
716	弃	3	7
716	声	2	7
717	相	2	9
717	却	3	7
717	存	2	6
718	那	2	6
718	电	1	5
718	邮	2	7
719	本	1	5
720	仍	2	6
720	未	1	5
720	收	2	6
722	基	3	11
722	订	2	4
722	必	1	5
722	须	2	9
723	即	2	7
723	使	2	8
723	都	3	10
723	政	3	9
723	府	3	8
723	律	2	9
723	件	2	6
724	份	3	6
726	待	3	9
727	皆	2	9
727	被	2	10
727	认	2	4
727	展	2	10
729	与	2	3
731	社	2	7
731	众	3	6
732	至	2	6
733	鉴	2	13
733	供	3	8
733	资	3	10
733	料	2	10
733	公	2	4
733	决	2	6
733	支	2	4
734	寻	2	6
735	琦	4	12
736	利	2	7
736	参	2	8
736	耀	5	20
736	忠	2	8
736	考	2	6
736	虑	2	10
737	民	1	5
738	按	3	9
738	照	4	13
739	条	2	7
739	宜	2	8
740	昨	2	9
740	坛	3	7
743	英	2	8
744	然	2	12
746	楚	3	13
748	里	2	7
749	拥	2	8
751	透	3	10
751	途	3	10
751	径	2	8
752	既	2	9
752	非	1	8
752	具	2	8
752	背	3	9
752	景	4	12
753	身	1	7
755	思	2	9
755	觉	2	9
755	插	2	12
755	礼	2	5
755	貌	3	14
758	半	1	5
758	小	1	3
761	多	2	6
762	旦	2	5
762	符	3	11
764	接	3	11
764	着	2	11
766	坐	3	7
775	抗	3	7
775	走	2	7
775	站	3	10
776	呼	2	8
776	吁	2	6
777	直	2	8
778	影	5	15
778	响	3	9
778	阻	2	7
778	止	1	4
779	前	3	9
779	首	1	9
779	需	2	14
779	颂	3	10
779	恒	4	9
779	姚	2	9
779	松	3	8
779	炎	2	8
781	受	2	8
781	包	2	5
781	括	2	9
781	格	3	10
784	智	3	12
784	峯	0	0
785	醒	3	16
786	判	2	7
786	断	3	11
788	制	2	8
788	派	2	9
788	纳	2	7
788	全	2	6
789	种	2	9
790	点	3	9
791	数	3	13
791	遇	3	12
791	障	3	13
791	碍	2	13
792	负	2	6
792	责	2	8
792	监	2	10
794	采	2	8
794	用	1	5
794	历	2	4
794	届	2	8
794	类	2	9
794	似	3	6
796	平	1	5
796	义	1	3
797	性	2	8
798	易	3	8
799	维	2	11
799	顺	2	9
800	宪	3	9
800	港	4	12
800	市	2	5
802	旁	2	10
802	边	2	5
803	恐	4	10
803	怕	2	8
803	嫌	3	13
805	次	2	6
805	劝	2	4
805	谕	4	11
808	例	3	8
808	依	2	8
809	词	3	7
811	白	1	5
813	怀	2	7
813	疑	2	17
813	予	1	4
813	机	2	6
814	兼	2	10
814	顾	3	10
815	质	3	8
815	早	2	12
815	心	1	4
817	领	4	11
817	馆	3	11
817	阅	3	10
820	低	3	7
820	限	2	8
820	度	2	9
820	刻	4	8
820	指	3	9
822	误	4	9
823	日	1	4
823	司	2	5
823	覆	4	18
823	核	4	10
827	虽	2	9
827	治	3	8
827	抱	3	8
827	态	3	8
828	浪	3	10
828	费	2	9
829	阁	3	9
829	项	2	9
829	入	1	2
831	观	2	6
831	严	1	7
831	谨	3	13
831	慎	4	13
832	凭	4	8
832	副	3	11
833	重	1	9
833	足	2	7
833	带	3	9
833	危	3	6
834	草	3	19
834	率	1	11
834	仓	2	4
834	促	3	9
835	另	2	5
835	消	3	10
836	充	3	6
837	之	1	3
840	属	2	12
840	围	2	7
840	整	4	16
841	风	1	4
841	险	4	9
841	适	2	9
844	李	2	7
844	慧	4	15
844	琼	4	12
844	香	2	9
845	更	1	7
845	高	4	10
847	学	2	8
847	生	1	5
849	尚	3	8
850	口	1	3
850	头	1	5
852	倘	4	10
852	若	3	8
852	每	2	7
852	章	2	11
852	查	3	9
853	效	3	10
853	简	3	13
854	加	2	5
855	连	2	7
857	弄	2	7
857	少	2	4
858	精	2	14
858	神	2	9
861	功	2	5
862	陈	2	7
862	础	3	10
863	翻	3	18
863	录	2	8
863	片	1	4
863	读	4	10
865	语	3	9
865	气	3	4
865	标	2	9
865	准	2	10
868	广	1	3
869	粗	2	11
869	疏	2	12
870	拿	3	10
871	像	3	13
872	糟	3	17
872	糕	3	16
872	厘	3	9
873	海	3	10
873	仙	2	5
874	乐	1	5
875	体	2	7
877	混	3	11
877	乱	2	7
877	压	3	6
878	耐	2	9
878	裁	2	12
879	服	2	8
882	者	2	8
883	绝	2	9
883	务	2	5
883	且	1	5
883	视	2	8
884	护	2	7
885	盖	2	11
885	印	2	5
886	除	3	9
886	设	3	6
886	置	3	13
886	箱	3	15
886	废	4	8
886	涂	3	10
886	申	1	5
887	益	2	10
887	莫	3	10
887	系	2	7
890	引	2	4
894	往	3	8
896	修	3	9
901	宗	2	8
901	教	3	11
902	四	1	5
904	款	2	12
911	改	2	7
912	伟	2	6
912	俊	4	9
913	称	3	10
913	职	3	11
925	阶	3	6
925	仪	2	5
926	搞	5	13
926	错	4	13
926	逻	3	11
926	辑	3	13
935	念	4	8
941	丑	1	4
952	庭	3	9
954	叫	2	5
962	终	3	8
965	庄	2	6
967	肃	1	8
968	美	2	9
968	芬	3	7
968	批	2	7
969	队	2	4
972	垂	1	8
972	帘	3	8
974	授	3	11
975	常	2	11
982	唤	4	10
984	志	2	7
987	毕	2	6
989	忘	2	7
989	记	2	5
998	详	2	8
1000	始	3	8
