sent_id	character	component_n	stroke_n
651	刚	3	6
651	才	1	3
651	秘	2	10
651	书	1	4
651	处	2	5
651	已	1	3
651	宣	4	9
651	布	2	5
651	五	1	4
651	分	2	4
651	钟	2	9
651	后	2	6
651	复	2	9
651	会	3	6
652	现	2	8
652	在	2	6
652	时	2	7
652	间	2	7
652	已	1	3
652	过	2	6
652	了	1	2
652	五	1	4
652	分	2	4
652	钟	2	9
653	我	1	7
653	想	3	13
653	跟	2	13
653	大	1	3
653	家	2	10
653	说	3	9
653	今	3	4
653	天	2	4
653	的	3	8
653	会	3	6
653	议	2	5
653	分	2	4
653	为	1	4
653	两	1	7
653	部	3	10
653	分	2	4
654	第	3	11
654	一	1	1
654	部	3	10
654	分	2	4
654	是	2	9
654	刚	3	6
654	才	1	3
654	大	1	3
654	家	2	10
654	已	1	3
654	完	3	7
654	成	2	6
654	的	3	8
654	宣	4	9
654	誓	3	14
655	而	1	6
655	第	3	11
655	二	1	2
655	部	3	10
655	分	2	4
655	是	2	9
655	选	3	9
655	举	3	9
655	立	1	5
655	法	3	8
655	会	3	6
655	主	2	5
655	席	2	10
656	我	1	7
656	知	2	8
656	道	2	14
656	有	2	6
656	同	2	6
656	事	1	8
656	对	2	5
656	主	2	5
656	席	2	10
656	候	3	10
656	选	3	9
656	人	1	2
656	的	3	8
656	国	2	8
656	籍	5	20
656	问	2	6
656	题	3	15
656	有	2	6
656	些	3	8
656	意	2	13
656	见	1	4
657	要	2	9
657	求	1	7
657	候	3	10
657	选	3	9
657	人	1	2
657	就	4	12
657	某	2	9
657	些	3	8
657	方	1	4
657	面	1	9
657	作	2	7
657	出	2	5
657	澄	5	15
657	清	2	11
658	由	1	5
658	于	1	3
658	今	3	4
658	天	2	4
658	的	3	8
658	会	3	6
658	议	2	5
658	并	4	6
658	没	3	7
658	有	2	6
658	任	3	6
658	何	3	7
658	程	3	12
658	序	2	7
658	容	2	9
658	许	3	6
658	我	1	7
658	们	2	5
658	在	2	6
658	会	3	6
658	议	2	5
658	厅	2	4
658	内	1	4
658	进	2	7
658	行	3	6
658	澄	5	15
658	清	2	11
658	提	3	12
658	问	2	6
658	辩	3	16
658	论	3	6
658	或	2	8
658	谘	4	11
658	询	3	8
658	等	3	12
658	因	2	6
658	此	2	6
658	我	1	7
658	们	2	5
658	不	1	4
658	可	2	5
658	以	2	4
658	在	2	6
658	会	3	6
658	议	2	5
658	厅	2	4
658	内	1	4
658	进	2	7
658	行	3	6
658	这	2	7
658	些	3	8
658	工	1	3
658	作	2	7
659	不	1	4
659	过	2	6
659	为	1	4
659	让	2	5
659	一	1	1
659	些	3	8
659	关	4	6
659	注	3	8
659	此	2	6
659	事	1	8
659	的	3	8
659	议	2	5
659	员	2	7
659	能	2	10
659	获	3	10
659	澄	5	15
659	清	2	11
659	我	1	7
659	建	2	8
659	议	2	5
659	梁	2	11
659	君	2	7
659	彦	3	9
659	议	2	5
659	员	2	7
659	稍	3	12
659	后	2	6
659	到	3	8
659	会	3	6
659	议	2	5
659	厅	2	4
659	外	2	5
659	向	2	6
659	新	3	12
659	闻	2	9
659	传	2	6
659	媒	3	12
659	交	2	6
659	代	2	5
659	他	2	5
659	的	3	8
659	国	2	8
659	籍	5	20
659	问	2	6
659	题	3	15
660	而	1	6
660	关	4	6
660	注	3	8
660	此	2	6
660	事	1	8
660	的	3	8
660	议	2	5
660	员	2	7
660	亦	4	6
660	可	2	5
660	出	2	5
660	去	2	5
660	聆	4	11
660	听	2	7
660	他	2	5
660	的	3	8
660	阐	4	11
660	述	3	8
660	以	2	4
660	及	1	3
660	可	2	5
660	以	2	4
660	向	2	6
660	他	2	5
660	提	3	12
660	问	2	6
661	在	2	6
661	会	3	6
661	议	2	5
661	厅	2	4
661	内	1	4
661	根	2	10
661	据	4	11
661	议	2	5
661	事	1	8
661	规	2	8
661	则	2	6
661	我	1	7
661	不	1	4
661	能	2	10
661	容	2	9
661	许	3	6
661	大	1	3
661	家	2	10
661	提	3	12
661	问	2	6
661	或	2	8
661	作	2	7
661	出	2	5
661	任	3	6
661	何	3	7
661	讨	2	5
661	论	3	6
662	我	1	7
662	现	2	8
662	在	2	6
662	请	2	10
662	关	4	6
662	注	3	8
662	此	2	6
662	事	1	8
662	的	3	8
662	议	2	5
662	员	2	7
662	到	3	8
662	会	3	6
662	议	2	5
662	厅	2	4
662	外	2	5
662	听	2	7
662	取	2	8
662	梁	2	11
662	君	2	7
662	彦	3	9
662	议	2	5
662	员	2	7
662	的	3	8
662	交	2	6
662	代	2	5
663	我	1	7
663	预	2	10
663	期	3	12
663	会	3	6
663	议	2	5
663	将	3	9
663	在	2	6
663	下	1	3
663	午	2	4
663	二	1	2
663	时	2	7
663	三	1	3
663	十	1	2
663	分	2	4
663	正	2	5
663	式	2	6
663	恢	3	9
663	复	2	9
664	我	1	7
664	的	3	8
664	发	3	5
664	言	1	7
664	到	3	8
664	此	2	6
664	结	3	9
664	束	1	7
665	现	2	8
665	在	2	6
665	暂	3	12
665	停	5	11
665	会	3	6
665	议	2	5
666	现	2	8
666	在	2	6
666	是	2	9
666	二	1	2
666	时	2	7
666	三	1	3
666	十	1	2
666	五	1	4
666	分	2	4
666	较	3	10
666	我	1	7
666	原	2	10
666	先	2	6
666	宣	4	9
666	布	2	5
666	二	1	2
666	时	2	7
666	三	1	3
666	十	1	2
666	分	2	4
666	恢	3	9
666	复	2	9
666	会	3	6
666	议	2	5
666	的	3	8
666	时	2	7
666	间	2	7
666	迟	2	7
666	了	1	2
666	五	1	4
666	分	2	4
666	钟	2	9
667	我	1	7
667	不	1	4
667	想	3	13
667	再	2	6
667	延	2	6
667	迟	2	7
668	现	2	8
668	在	2	6
668	宣	4	9
668	布	2	5
668	正	2	5
668	式	2	6
668	复	2	9
668	会	3	6
669	会	3	6
669	议	2	5
669	现	2	8
669	已	1	3
669	恢	3	9
669	复	2	9
669	我	1	7
669	希	3	7
669	望	3	11
669	所	2	8
669	有	2	6
669	同	2	6
669	事	1	8
669	返	3	7
669	回	2	6
669	自	1	6
669	己	1	3
669	的	3	8
669	座	4	10
669	位	2	7
670	让	2	5
670	我	1	7
670	们	2	5
670	今	3	4
670	天	2	4
670	可	2	5
670	以	2	4
670	有	2	6
670	秩	3	10
670	序	2	7
670	地	2	6
670	进	2	7
670	行	3	6
670	选	3	9
670	举	3	9
670	主	2	5
670	席	2	10
670	的	3	8
670	程	3	12
670	式	2	6
671	我	1	7
671	现	2	8
671	在	2	6
671	再	2	6
671	请	2	10
671	所	2	8
671	有	2	6
671	同	2	6
671	事	1	8
671	返	3	7
671	回	2	6
671	自	1	6
671	己	1	3
671	的	3	8
671	座	4	10
671	位	2	7
672	有	2	6
672	议	2	5
672	员	2	7
672	想	3	13
672	提	3	12
672	出	2	5
672	规	2	8
672	程	3	12
672	问	2	6
672	题	3	15
673	但	3	7
673	请	2	10
673	其	2	8
673	他	2	5
673	同	2	6
673	事	1	8
673	先	2	6
673	行	3	6
673	返	3	7
673	回	2	6
673	座	4	10
673	位	2	7
673	让	2	5
673	秘	2	10
673	书	1	4
673	帮	3	9
673	我	1	7
673	做	4	11
673	一	1	1
673	些	3	8
673	文	1	4
673	书	1	4
673	工	1	3
673	作	2	7
674	否	2	7
674	则	2	6
674	没	3	7
674	有	2	6
674	秘	2	10
674	书	1	4
674	帮	3	9
674	忙	2	6
674	处	2	5
674	理	3	11
674	上	1	3
674	会	3	6
674	比	1	4
674	较	3	10
674	困	2	7
674	难	2	10
675	我	1	7
675	希	3	7
675	望	3	11
675	其	2	8
675	他	2	5
675	议	2	5
675	员	2	7
675	先	2	6
675	返	3	7
675	回	2	6
675	座	4	10
675	位	2	7
675	让	2	5
675	我	1	7
675	们	2	5
675	可	2	5
675	以	2	4
675	进	2	7
675	行	3	6
675	会	3	6
675	议	2	5
676	如	2	6
676	果	1	8
676	大	1	3
676	家	2	10
676	有	2	6
676	任	3	6
676	何	3	7
676	规	2	8
676	程	3	12
676	问	2	6
676	题	3	15
676	可	2	5
676	以	2	4
676	提	3	12
676	出	2	5
677	我	1	7
677	会	3	6
677	给	3	9
677	大	1	3
677	家	2	10
677	时	2	7
677	间	2	7
678	主	2	5
678	席	2	10
678	我	1	7
678	想	3	13
678	问	2	6
678	秘	2	10
678	书	1	4
678	处	2	5
678	有	2	6
678	否	2	7
678	处	2	5
678	理	3	11
678	梁	2	11
678	君	2	7
678	彦	3	9
678	议	2	5
678	员	2	7
678	的	3	8
678	国	2	8
678	籍	5	20
678	问	2	6
678	题	3	15
679	他	2	5
679	刚	3	6
679	才	1	3
680	刚	3	6
680	才	1	3
680	我	1	7
680	说	3	9
680	过	2	6
680	有	2	6
680	关	4	6
680	梁	2	11
680	君	2	7
680	彦	3	9
680	议	2	5
680	员	2	7
680	的	3	8
680	国	2	8
680	籍	5	20
680	问	2	6
680	题	3	15
680	不	1	4
680	是	2	9
680	今	3	4
680	天	2	4
680	会	3	6
680	议	2	5
680	的	3	8
680	讨	2	5
680	论	3	6
680	范	3	8
680	畴	3	12
681	好	2	6
681	的	3	8
682	请	2	10
682	先	2	6
682	让	2	5
682	我	1	7
682	说	3	9
682	可	2	5
682	以	2	4
682	吗	2	6
683	我	1	7
683	刚	3	6
683	才	1	3
683	已	1	3
683	经	2	8
683	说	3	9
683	过	2	6
683	为	1	4
683	了	1	2
683	让	2	5
683	大	1	3
683	家	2	10
683	进	2	7
683	一	1	1
683	步	2	7
683	了	1	2
683	解	2	13
683	有	2	6
683	关	4	6
683	梁	2	11
683	君	2	7
683	彦	3	9
683	议	2	5
683	员	2	7
683	的	3	8
683	国	2	8
683	籍	5	20
683	问	2	6
683	题	3	15
683	或	2	8
683	要	2	9
683	求	1	7
683	他	2	5
683	澄	5	15
683	清	2	11
683	我	1	7
683	已	1	3
683	作	2	7
683	出	2	5
683	特	3	10
683	别	3	7
683	安	2	6
683	排	2	11
683	时	2	7
683	间	2	7
683	让	2	5
683	梁	2	11
683	议	2	5
683	员	2	7
683	在	2	6
683	会	3	6
683	议	2	5
683	厅	2	4
683	外	2	5
683	向	2	6
683	传	2	6
683	媒	3	12
683	作	2	7
683	出	2	5
683	交	2	6
683	代	2	5
683	和	2	8
683	澄	5	15
683	清	2	11
684	如	2	6
684	果	1	8
684	各	2	6
684	位	2	7
684	刚	3	6
684	才	1	3
684	有	2	6
684	出	2	5
684	席	2	10
684	便	2	9
684	应	3	7
684	该	4	8
684	知	2	8
684	道	2	14
684	情	2	11
684	况	3	7
684	如	2	6
684	何	3	7
685	不	1	4
685	过	2	6
685	无	1	4
685	论	3	6
685	当	2	6
685	事	1	8
685	人	1	2
685	如	2	6
685	何	3	7
685	澄	5	15
685	清	2	11
685	及	1	3
685	解	2	13
685	释	2	12
685	在	2	6
685	这	2	7
685	个	2	3
685	会	3	6
685	议	2	5
685	上	1	3
685	我	1	7
685	不	1	4
685	能	2	10
685	保	3	9
685	证	3	7
685	令	3	5
685	大	1	3
685	家	2	10
685	满	2	13
685	意	2	13
686	作	2	7
686	为	1	4
686	会	3	6
686	议	2	5
686	主	2	5
686	持	3	9
686	人	1	2
686	我	1	7
686	只	2	5
686	能	2	10
686	根	2	10
686	据	4	11
686	会	3	6
686	议	2	5
686	规	2	8
686	则	2	6
686	进	2	7
686	行	3	6
686	程	3	12
686	序	2	7
687	如	2	6
687	果	1	8
687	议	2	5
687	员	2	7
687	想	3	13
687	确	2	12
687	保	3	9
687	他	2	5
687	的	3	8
687	问	2	6
687	题	3	15
687	得	2	11
687	到	3	8
687	满	2	13
687	意	2	13
687	的	3	8
687	答	3	12
687	复	2	9
687	可	2	5
687	以	2	4
687	在	2	6
687	其	2	8
687	他	2	5
687	场	2	6
687	合	2	6
687	提	3	12
687	出	2	5
688	今	3	4
688	天	2	4
688	的	3	8
688	会	3	6
688	议	2	5
688	中	1	4
688	则	2	6
688	没	3	7
688	有	2	6
688	办	1	4
688	法	3	8
688	处	2	5
688	理	3	11
688	这	2	7
688	个	2	3
688	问	2	6
688	题	3	15
689	我	1	7
689	现	2	8
689	在	2	6
689	想	3	13
689	问	2	6
689	一	1	1
689	问	2	6
689	刚	3	6
689	才	1	3
689	有	2	6
689	哪	3	9
689	些	3	8
689	议	2	5
689	员	2	7
689	曾	3	12
689	举	3	9
689	手	1	4
689	想	3	13
689	提	3	12
689	出	2	5
689	规	2	8
689	程	3	12
689	问	2	6
689	题	3	15
690	我	1	7
690	看	2	9
690	不	1	4
690	到	3	8
691	请	2	10
691	秘	2	10
691	书	1	4
691	帮	3	9
691	忙	2	6
691	把	2	7
691	曾	3	12
691	举	3	9
691	手	1	4
691	表	2	8
691	示	1	5
691	想	3	13
691	提	3	12
691	出	2	5
691	规	2	8
691	程	3	12
691	问	2	6
691	题	3	15
691	的	3	8
691	议	2	5
691	员	2	7
691	名	2	6
691	单	3	8
691	交	2	6
691	给	3	9
691	我	1	7
692	因	2	6
692	为	1	4
692	我	1	7
692	看	2	9
692	不	1	4
692	到	3	8
693	今	3	4
693	天	2	4
693	我	1	7
693	不	1	4
693	想	3	13
693	跟	2	13
693	大	1	3
693	家	2	10
693	争	2	6
693	论	3	6
693	其	2	8
693	他	2	5
693	问	2	6
693	题	3	15
693	因	2	6
693	为	1	4
693	我	1	7
693	没	3	7
693	有	2	6
693	权	2	6
693	力	1	2
693	这	2	7
693	样	2	10
693	做	4	11
694	我	1	7
694	只	2	5
694	是	2	9
694	执	2	14
694	行	3	6
694	会	3	6
694	议	2	5
694	规	2	8
694	则	2	6
695	其	2	8
695	实	2	8
695	我	1	7
695	也	1	3
695	不	1	4
695	是	2	9
695	很	2	9
695	想	3	13
695	主	2	5
695	持	3	9
695	这	2	7
695	会	3	6
695	议	2	5
696	不	1	4
696	过	2	6
696	根	2	10
696	据	4	11
696	议	2	5
696	事	1	8
696	规	2	8
696	则	2	6
696	附	3	7
696	表	2	8
696	一	1	1
696	第	3	11
696	六	2	4
696	及	1	3
696	七	1	2
696	段	3	9
696	的	3	8
696	规	2	8
696	定	2	8
696	由	1	5
696	担	3	8
696	任	3	6
696	议	2	5
696	员	2	7
696	时	2	7
696	间	2	7
696	最	3	12
696	长	1	4
696	的	3	8
696	我	1	7
696	来	1	7
696	主	2	5
696	持	3	9
696	会	3	6
696	议	2	5
697	根	2	10
697	据	4	11
697	会	3	6
697	议	2	5
697	规	2	8
697	则	2	6
697	我	1	7
697	现	2	8
697	在	2	6
697	只	2	5
697	能	2	10
697	主	2	5
697	持	3	9
697	投	3	7
697	票	2	11
697	的	3	8
697	过	2	6
697	程	3	12
698	其	2	8
698	他	2	5
698	事	1	8
698	情	2	11
698	我	1	7
698	无	1	4
698	法	3	8
698	处	2	5
698	理	3	11
699	如	2	6
699	果	1	8
699	我	1	7
699	处	2	5
699	理	3	11
699	的	3	8
699	话	2	8
699	便	2	9
699	违	2	7
699	反	2	4
699	会	3	6
699	议	2	5
699	规	2	8
699	则	2	6
700	是	2	9
700	不	1	4
700	合	2	6
700	法	3	8
700	的	3	8
701	大	1	3
701	家	2	10
701	如	2	6
701	果	1	8
701	要	2	9
701	我	1	7
701	表	2	8
701	明	2	8
701	这	2	7
701	个	2	3
701	会	3	6
701	议	2	5
701	究	3	7
701	竟	2	11
701	是	2	9
701	否	2	7
701	合	2	6
701	法	3	8
701	我	1	7
701	只	2	5
701	能	2	10
701	够	4	11
701	说	3	9
701	根	2	10
701	据	4	11
701	会	3	6
701	议	2	5
701	规	2	8
701	则	2	6
701	这	2	7
701	个	2	3
701	会	3	6
701	议	2	5
701	是	2	9
701	合	2	6
701	法	3	8
701	的	3	8
702	议	2	5
702	员	2	7
702	如	2	6
702	果	1	8
702	想	3	13
702	提	3	12
702	出	2	5
702	规	2	8
702	程	3	12
702	问	2	6
702	题	3	15
702	我	1	7
702	再	2	6
702	请	2	10
702	大	1	3
702	家	2	10
702	先	2	6
702	返	3	7
702	回	2	6
702	自	1	6
702	己	1	3
702	的	3	8
702	座	4	10
702	位	2	7
703	我	1	7
703	会	3	6
703	邀	3	16
703	请	2	10
703	大	1	3
703	家	2	10
703	发	3	5
703	言	1	7
704	我	1	7
704	们	2	5
704	不	1	4
704	离	2	10
704	开	2	4
704	又	1	2
704	怎	2	9
704	样	2	10
704	呢	3	8
705	如	2	6
705	果	1	8
705	议	2	5
705	员	2	7
705	真	3	10
705	的	3	8
705	不	1	4
705	返	3	7
705	回	2	6
705	座	4	10
705	位	2	7
705	也	1	3
705	不	1	4
705	要	2	9
705	紧	2	10
706	但	3	7
706	请	2	10
706	不	1	4
706	要	2	9
706	作	2	7
706	出	2	5
706	骚	4	12
706	扰	2	7
706	以	2	4
706	便	2	9
706	会	3	6
706	议	2	5
706	可	2	5
706	继	3	10
706	续	4	11
706	进	2	7
706	行	3	6
707	根	2	10
707	据	4	11
707	秘	2	10
707	书	1	4
707	给	3	9
707	我	1	7
707	的	3	8
707	名	2	6
707	单	3	8
707	第	3	11
707	一	1	1
707	位	2	7
707	提	3	12
707	出	2	5
707	规	2	8
707	程	3	12
707	问	2	6
707	题	3	15
707	的	3	8
707	议	2	5
707	员	2	7
707	是	2	9
707	毛	1	4
707	孟	2	8
707	静	3	14
707	议	2	5
707	员	2	7
708	根	2	10
708	据	4	11
708	议	2	5
708	事	1	8
708	规	2	8
708	则	2	6
708	今	3	4
708	天	2	4
708	的	3	8
708	规	2	8
708	程	3	12
708	只	2	5
708	能	2	10
708	够	4	11
708	涉	3	10
708	及	1	3
708	选	3	9
708	举	3	9
708	过	2	6
708	程	3	12
709	如	2	6
709	果	1	8
709	有	2	6
709	其	2	8
709	他	2	5
709	问	2	6
709	题	3	15
709	请	2	10
709	议	2	5
709	员	2	7
709	在	2	6
709	其	2	8
709	他	2	5
709	场	2	6
709	合	2	6
709	提	3	12
709	出	2	5
710	现	2	8
710	在	2	6
710	请	2	10
710	毛	1	4
710	孟	2	8
710	静	3	14
710	议	2	5
710	员	2	7
710	提	3	12
710	问	2	6
711	感	4	13
711	谢	3	12
711	主	2	5
711	席	2	10
712	我	1	7
712	不	1	4
712	是	2	9
712	故	3	9
712	意	2	13
712	要	2	9
712	为	1	4
712	难	2	10
712	你	3	7
712	或	2	8
712	什	2	4
712	么	2	3
713	还	2	7
713	要	2	9
713	感	4	13
713	谢	3	12
713	你	3	7
713	试	3	8
713	图	3	8
713	安	2	6
713	排	2	11
713	我	1	7
713	们	2	5
713	到	3	8
713	会	3	6
713	议	2	5
713	厅	2	4
713	外	2	5
713	聆	4	11
713	听	2	7
713	梁	2	11
713	君	2	7
713	彦	3	9
713	议	2	5
713	员	2	7
713	的	3	8
713	解	2	13
713	释	2	12
714	我	1	7
714	们	2	5
714	已	1	3
714	听	2	7
714	罢	3	10
714	他	2	5
714	的	3	8
714	解	2	13
714	释	2	12
715	他	2	5
715	说	3	9
715	第	3	11
715	一	1	1
715	封	3	9
715	信	2	9
715	是	2	9
715	关	4	6
715	乎	1	6
715	其	2	8
715	国	2	8
715	籍	5	20
715	或	2	8
715	外	2	5
715	国	2	8
715	居	3	8
715	留	2	10
715	权	2	6
715	的	3	8
715	问	2	6
715	题	3	15
716	信	2	9
716	中	1	4
716	表	2	8
716	示	1	5
716	已	1	3
716	附	3	7
716	上	1	3
716	放	2	8
716	弃	3	7
716	国	2	8
716	籍	5	20
716	的	3	8
716	声	2	7
716	明	2	8
717	但	3	7
717	相	2	9
717	关	4	6
717	的	3	8
717	却	3	7
717	并	4	6
717	不	1	4
717	存	2	6
717	在	2	6
718	原	2	10
718	来	1	7
718	那	2	6
718	是	2	9
718	一	1	1
718	封	3	9
718	电	1	5
718	邮	2	7
719	第	3	11
719	二	1	2
719	封	3	9
719	信	2	9
719	才	1	3
719	是	2	9
719	正	2	5
719	本	1	5
720	但	3	7
720	他	2	5
720	暂	3	12
720	时	2	7
720	仍	2	6
720	未	1	5
720	收	2	6
720	到	3	8
721	我	1	7
721	想	3	13
721	就	4	12
721	此	2	6
721	提	3	12
721	出	2	5
721	规	2	8
721	程	3	12
721	问	2	6
721	题	3	15
722	因	2	6
722	为	1	4
722	基	3	11
722	本	1	5
722	法	3	8
722	已	1	3
722	订	2	4
722	明	2	8
722	立	1	5
722	法	3	8
722	会	3	6
722	主	2	5
722	席	2	10
722	必	1	5
722	须	2	9
722	在	2	6
722	外	2	5
722	国	2	8
722	无	1	4
722	居	3	8
722	留	2	10
722	权	2	6
723	而	1	6
723	即	2	7
723	使	2	8
723	两	1	7
723	封	3	9
723	信	2	9
723	都	3	10
723	是	2	9
723	由	1	5
723	政	3	9
723	府	3	8
723	发	3	5
723	出	2	5
723	但	3	7
723	却	3	7
723	不	1	4
723	一	1	1
723	定	2	8
723	是	2	9
723	法	3	8
723	律	2	9
723	文	1	4
723	件	2	6
724	我	1	7
724	们	2	5
724	最	3	12
724	主	2	5
724	要	2	9
724	想	3	13
724	看	2	9
724	的	3	8
724	是	2	9
724	那	2	6
724	份	3	6
724	放	2	8
724	弃	3	7
724	国	2	8
724	籍	5	20
724	声	2	7
724	明	2	8
725	而	1	6
725	我	1	7
725	本	1	5
725	人	1	2
725	也	1	3
725	有	2	6
725	一	1	1
725	份	3	6
726	我	1	7
726	们	2	5
726	是	2	9
726	否	2	7
726	应	3	7
726	待	3	9
726	他	2	5
726	收	2	6
726	到	3	8
726	有	2	6
726	关	4	6
726	文	1	4
726	件	2	6
727	所	2	8
727	有	2	6
727	事	1	8
727	情	2	11
727	皆	2	9
727	被	2	10
727	正	2	5
727	式	2	6
727	确	2	12
727	认	2	4
727	后	2	6
727	才	1	3
727	展	2	10
727	开	2	4
727	选	3	9
727	举	3	9
727	程	3	12
727	序	2	7
727	呢	3	8
728	好	2	6
728	的	3	8
728	谢	3	12
728	谢	3	12
728	你	3	7
728	毛	1	4
728	孟	2	8
728	静	3	14
728	议	2	5
728	员	2	7
729	我	1	7
729	刚	3	6
729	才	1	3
729	说	3	9
729	过	2	6
729	你	3	7
729	的	3	8
729	提	3	12
729	问	2	6
729	只	2	5
729	能	2	10
729	够	4	11
729	涉	3	10
729	及	1	3
729	选	3	9
729	举	3	9
729	过	2	6
729	程	3	12
729	或	2	8
729	与	2	3
729	选	3	9
729	举	3	9
729	有	2	6
729	关	4	6
729	的	3	8
729	事	1	8
729	情	2	11
730	但	3	7
730	你	3	7
730	却	3	7
730	要	2	9
730	求	1	7
730	澄	5	15
730	清	2	11
730	梁	2	11
730	君	2	7
730	彦	3	9
730	议	2	5
730	员	2	7
730	的	3	8
730	国	2	8
730	籍	5	20
730	问	2	6
730	题	3	15
731	我	1	7
731	刚	3	6
731	才	1	3
731	已	1	3
731	作	2	7
731	出	2	5
731	特	3	10
731	别	3	7
731	安	2	6
731	排	2	11
731	让	2	5
731	梁	2	11
731	君	2	7
731	彦	3	9
731	议	2	5
731	员	2	7
731	向	2	6
731	大	1	3
731	家	2	10
731	和	2	8
731	社	2	7
731	会	3	6
731	大	1	3
731	众	3	6
731	作	2	7
731	出	2	5
731	澄	5	15
731	清	2	11
731	及	1	3
731	交	2	6
731	代	2	5
732	至	2	6
732	于	1	3
732	他	2	5
732	的	3	8
732	答	3	12
732	复	2	9
732	能	2	10
732	否	2	7
732	回	2	6
732	应	3	7
732	你	3	7
732	刚	3	6
732	才	1	3
732	的	3	8
732	提	3	12
732	问	2	6
732	我	1	7
732	并	4	6
732	不	1	4
732	能	2	10
732	够	4	11
732	提	3	12
732	出	2	5
732	任	3	6
732	何	3	7
732	意	2	13
732	见	1	4
733	不	1	4
733	过	2	6
733	我	1	7
733	想	3	13
733	对	2	5
733	大	1	3
733	家	2	10
733	说	3	9
733	鉴	2	13
733	于	1	3
733	梁	2	11
733	君	2	7
733	彦	3	9
733	议	2	5
733	员	2	7
733	已	1	3
733	经	2	8
733	一	1	1
733	而	1	6
733	再	2	6
733	再	2	6
733	而	1	6
733	三	1	3
733	地	2	6
733	提	3	12
733	供	3	8
733	资	3	10
733	料	2	10
733	并	4	6
733	在	2	6
733	公	2	4
733	开	2	4
733	场	2	6
733	合	2	6
733	作	2	7
733	出	2	5
733	澄	5	15
733	清	2	11
733	议	2	5
733	员	2	7
733	大	1	3
733	可	2	5
733	自	1	6
733	行	3	6
733	决	2	6
733	定	2	8
733	稍	3	12
733	后	2	6
733	会	3	6
733	否	2	7
733	投	3	7
733	票	2	11
733	支	2	4
733	持	3	9
733	他	2	5
734	如	2	6
734	果	1	8
734	大	1	3
734	家	2	10
734	认	2	4
734	为	1	4
734	梁	2	11
734	君	2	7
734	彦	3	9
734	议	2	5
734	员	2	7
734	的	3	8
734	答	3	12
734	复	2	9
734	未	1	5
734	能	2	10
734	回	2	6
734	应	3	7
734	大	1	3
734	家	2	10
734	的	3	8
734	提	3	12
734	问	2	6
734	大	1	3
734	家	2	10
734	可	2	5
734	以	2	4
734	决	2	6
734	定	2	8
734	寻	2	6
734	求	1	7
735	那	2	6
735	么	2	3
735	梁	2	11
735	天	2	4
735	琦	4	12
735	也	1	3
735	不	1	4
735	应	3	7
735	该	4	8
735	被	2	10
735	对	2	5
735	吗	2	6
736	我	1	7
736	也	1	3
736	不	1	4
736	知	2	8
736	道	2	14
736	梁	2	11
736	君	2	7
736	彦	3	9
736	议	2	5
736	员	2	7
736	究	3	7
736	竟	2	11
736	是	2	9
736	否	2	7
736	真	3	10
736	的	3	8
736	有	2	6
736	合	2	6
736	法	3	8
736	权	2	6
736	利	2	7
736	参	2	8
736	选	3	9
736	但	3	7
736	梁	2	11
736	耀	5	20
736	忠	2	8
736	议	2	5
736	员	2	7
736	却	3	7
736	要	2	9
736	求	1	7
736	我	1	7
736	们	2	5
736	自	1	6
736	行	3	6
736	考	2	6
736	虑	2	10
736	是	2	9
736	否	2	7
736	投	3	7
736	票	2	11
736	给	3	9
736	他	2	5
736	吗	2	6
737	你	3	7
737	是	2	9
737	否	2	7
737	也	1	3
737	可	2	5
737	要	2	9
737	求	1	7
737	选	3	9
737	民	1	5
737	自	1	6
737	行	3	6
737	决	2	6
737	定	2	8
737	是	2	9
737	否	2	7
737	投	3	7
737	票	2	11
737	给	3	9
737	梁	2	11
737	天	2	4
737	琦	4	12
738	由	1	5
738	于	1	3
738	立	1	5
738	法	3	8
738	会	3	6
738	主	2	5
738	席	2	10
738	的	3	8
738	选	3	9
738	举	3	9
738	须	2	9
738	按	3	9
738	照	4	13
738	议	2	5
738	事	1	8
738	规	2	8
738	则	2	6
738	附	3	7
738	表	2	8
738	一	1	1
738	所	2	8
738	订	2	4
738	的	3	8
738	程	3	12
738	序	2	7
738	进	2	7
738	行	3	6
739	而	1	6
739	有	2	6
739	关	4	6
739	的	3	8
739	条	2	7
739	文	1	4
739	是	2	9
739	容	2	9
739	许	3	6
739	议	2	5
739	员	2	7
739	在	2	6
739	选	3	9
739	举	3	9
739	主	2	5
739	席	2	10
739	的	3	8
739	会	3	6
739	议	2	5
739	上	1	3
739	就	4	12
739	候	3	10
739	选	3	9
739	人	1	2
739	的	3	8
739	事	1	8
739	宜	2	8
739	进	2	7
739	行	3	6
739	讨	2	5
739	论	3	6
739	的	3	8
740	事	1	8
740	实	2	8
740	上	1	3
740	有	2	6
740	关	4	6
740	的	3	8
740	讨	2	5
740	论	3	6
740	亦	4	6
740	已	1	3
740	在	2	6
740	昨	2	9
740	天	2	4
740	特	3	10
740	别	3	7
740	安	2	6
740	排	2	11
740	的	3	8
740	论	3	6
740	坛	3	7
740	上	1	3
741	主	2	5
741	席	2	10
741	我	1	7
741	不	1	4
741	是	2	9
741	要	2	9
741	求	1	7
741	讨	2	5
741	论	3	6
742	我	1	7
742	要	2	9
742	求	1	7
742	的	3	8
742	是	2	9
742	法	3	8
742	律	2	9
742	上	1	3
742	的	3	8
742	澄	5	15
742	清	2	11
743	他	2	5
743	一	1	1
743	定	2	8
743	要	2	9
743	提	3	12
743	供	3	8
743	一	1	1
743	份	3	6
743	放	2	8
743	弃	3	7
743	英	2	8
743	国	2	8
743	国	2	8
743	籍	5	20
743	声	2	7
743	明	2	8
743	的	3	8
743	正	2	5
743	式	2	6
743	文	1	4
743	件	2	6
744	而	1	6
744	最	3	12
744	好	2	6
744	当	2	6
744	然	2	12
744	是	2	9
744	正	2	5
744	本	1	5
745	但	3	7
745	如	2	6
745	果	1	8
745	暂	3	12
745	时	2	7
745	没	3	7
745	有	2	6
745	正	2	5
745	本	1	5
745	向	2	6
745	我	1	7
745	们	2	5
745	提	3	12
745	供	3	8
745	一	1	1
745	份	3	6
745	也	1	3
745	可	2	5
745	以	2	4
746	不	1	4
746	过	2	6
746	现	2	8
746	时	2	7
746	已	1	3
746	经	2	8
746	说	3	9
746	得	2	11
746	很	2	9
746	清	2	11
746	楚	3	13
747	便	2	9
747	是	2	9
747	按	3	9
747	照	4	13
747	我	1	7
747	的	3	8
747	理	3	11
747	解	2	13
747	他	2	5
747	仍	2	6
747	未	1	5
747	收	2	6
747	到	3	8
747	相	2	9
747	关	4	6
747	文	1	4
747	件	2	6
748	试	3	8
748	问	2	6
748	我	1	7
748	们	2	5
748	怎	2	9
748	可	2	5
748	以	2	4
748	在	2	6
748	这	2	7
748	里	2	7
748	进	2	7
748	行	3	6
748	选	3	9
748	举	3	9
748	的	3	8
748	程	3	12
748	序	2	7
748	呢	3	8
749	据	4	11
749	我	1	7
749	了	1	2
749	解	2	13
749	基	3	11
749	本	1	5
749	法	3	8
749	订	2	4
749	明	2	8
749	立	1	5
749	法	3	8
749	会	3	6
749	主	2	5
749	席	2	10
749	不	1	4
749	能	2	10
749	够	4	11
749	拥	2	8
749	有	2	6
749	任	3	6
749	何	3	7
749	其	2	8
749	他	2	5
749	国	2	8
749	家	2	10
749	的	3	8
749	居	3	8
749	留	2	10
749	权	2	6
750	这	2	7
750	方	1	4
750	面	1	9
750	已	1	3
750	清	2	11
750	楚	3	13
750	订	2	4
750	明	2	8
750	但	3	7
750	并	4	6
750	没	3	7
750	有	2	6
750	提	3	12
750	及	1	3
750	候	3	10
750	选	3	9
750	人	1	2
751	我	1	7
751	今	3	4
751	天	2	4
751	不	1	4
751	是	2	9
751	要	2	9
751	与	2	3
751	大	1	3
751	家	2	10
751	辩	3	16
751	论	3	6
751	这	2	7
751	个	2	3
751	问	2	6
751	题	3	15
751	但	3	7
751	如	2	6
751	果	1	8
751	大	1	3
751	家	2	10
751	想	3	13
751	澄	5	15
751	清	2	11
751	的	3	8
751	话	2	8
751	便	2	9
751	应	3	7
751	该	4	8
751	透	3	10
751	过	2	6
751	其	2	8
751	他	2	5
751	途	3	10
751	径	2	8
752	因	2	6
752	为	1	4
752	我	1	7
752	既	2	9
752	非	1	8
752	具	2	8
752	有	2	6
752	法	3	8
752	律	2	9
752	背	3	9
752	景	4	12
752	的	3	8
752	议	2	5
752	员	2	7
753	而	1	6
753	我	1	7
753	这	2	7
753	个	2	3
753	主	2	5
753	席	2	10
753	的	3	8
753	身	1	7
753	份	3	6
753	也	1	3
753	不	1	4
753	能	2	10
753	够	4	11
753	作	2	7
753	任	3	6
753	何	3	7
753	回	2	6
753	答	3	12
754	我	1	7
754	只	2	5
754	能	2	10
754	够	4	11
755	不	1	4
755	好	2	6
755	意	2	13
755	思	2	9
755	我	1	7
755	不	1	4
755	是	2	9
755	特	3	10
755	别	3	7
755	要	2	9
755	为	1	4
755	难	2	10
755	你	3	7
755	亦	4	6
755	觉	2	9
755	得	2	11
755	这	2	7
755	样	2	10
755	插	2	12
755	言	1	7
755	不	1	4
755	礼	2	5
755	貌	3	14
756	不	1	4
756	要	2	9
756	紧	2	10
757	但	3	7
757	按	3	9
757	照	4	13
757	你	3	7
757	刚	3	6
757	才	1	3
757	的	3	8
757	说	3	9
757	法	3	8
757	作	2	7
757	为	1	4
757	立	1	5
757	法	3	8
757	会	3	6
757	主	2	5
757	席	2	10
757	便	2	9
757	不	1	4
757	能	2	10
757	够	4	11
757	拥	2	8
757	有	2	6
757	外	2	5
757	国	2	8
757	居	3	8
757	留	2	10
757	权	2	6
758	但	3	7
758	是	2	9
758	如	2	6
758	果	1	8
758	要	2	9
758	进	2	7
758	行	3	6
758	选	3	9
758	举	3	9
758	的	3	8
758	话	2	8
758	有	2	6
758	人	1	2
758	将	3	9
758	于	1	3
758	稍	3	12
758	后	2	6
758	半	1	5
758	小	1	3
758	时	2	7
758	或	2	8
758	十	1	2
758	分	2	4
758	钟	2	9
758	后	2	6
758	便	2	9
758	会	3	6
758	当	2	6
758	选	3	9
758	主	2	5
758	席	2	10
759	但	3	7
759	他	2	5
759	却	3	7
759	未	1	5
759	能	2	10
759	在	2	6
759	今	3	4
759	天	2	4
759	内	1	4
759	向	2	6
759	我	1	7
759	们	2	5
759	提	3	12
759	供	3	8
759	刚	3	6
759	才	1	3
759	所	2	8
759	说	3	9
759	的	3	8
759	放	2	8
759	弃	3	7
759	国	2	8
759	籍	5	20
759	正	2	5
759	式	2	6
759	声	2	7
759	明	2	8
760	你	3	7
760	说	3	9
760	得	2	11
760	对	2	5
761	多	2	6
761	谢	3	12
762	就	4	12
762	是	2	9
762	一	1	1
762	旦	2	5
762	他	2	5
762	当	2	6
762	选	3	9
762	发	3	5
762	觉	2	9
762	条	2	7
762	件	2	6
762	不	1	4
762	符	3	11
762	合	2	6
762	规	2	8
762	定	2	8
762	他	2	5
762	便	2	9
762	不	1	4
762	应	3	7
762	该	4	8
762	成	2	6
762	为	1	4
762	主	2	5
762	席	2	10
763	这	2	7
763	是	2	9
763	正	2	5
763	确	2	12
763	的	3	8
764	不	1	4
764	过	2	6
764	问	2	6
764	题	3	15
764	是	2	9
764	我	1	7
764	不	1	4
764	能	2	10
764	够	4	11
764	建	2	8
764	议	2	5
764	他	2	5
764	接	3	11
764	着	2	11
764	该	4	8
764	怎	2	9
764	样	2	10
764	做	4	11
764	因	2	6
764	为	1	4
764	我	1	7
764	没	3	7
764	有	2	6
764	这	2	7
764	个	2	3
764	身	1	7
764	份	3	6
765	我	1	7
765	只	2	5
765	能	2	10
765	够	4	11
765	主	2	5
765	持	3	9
766	主	2	5
766	席	2	10
766	那	2	6
766	么	2	3
766	你	3	7
766	坐	3	7
766	在	2	6
766	这	2	7
766	里	2	7
766	做	4	11
766	什	2	4
766	么	2	3
767	你	3	7
767	说	3	9
767	得	2	11
767	对	2	5
768	我	1	7
768	也	1	3
768	想	3	13
768	澄	5	15
768	清	2	11
768	我	1	7
768	坐	3	7
768	在	2	6
768	这	2	7
768	里	2	7
768	做	4	11
768	什	2	4
768	么	2	3
769	根	2	10
769	据	4	11
769	议	2	5
769	事	1	8
769	规	2	8
769	则	2	6
769	我	1	7
769	只	2	5
769	是	2	9
769	做	4	11
769	两	1	7
769	件	2	6
769	事	1	8
770	第	3	11
770	一	1	1
770	主	2	5
770	持	3	9
770	主	2	5
770	席	2	10
770	选	3	9
770	举	3	9
770	的	3	8
770	投	3	7
770	票	2	11
771	第	3	11
771	二	1	2
771	宣	4	9
771	布	2	5
771	哪	3	9
771	位	2	7
771	候	3	10
771	选	3	9
771	人	1	2
771	当	2	6
771	选	3	9
772	我	1	7
772	只	2	5
772	是	2	9
772	做	4	11
772	这	2	7
772	两	1	7
772	件	2	6
772	事	1	8
773	而	1	6
773	不	1	4
773	应	3	7
773	该	4	8
773	做	4	11
773	其	2	8
773	他	2	5
773	事	1	8
774	最	3	12
774	后	2	6
774	一	1	1
774	个	2	3
774	规	2	8
774	程	3	12
774	问	2	6
774	题	3	15
775	为	1	4
775	了	1	2
775	抗	3	7
775	争	2	6
775	为	1	4
775	表	2	8
775	示	1	5
775	我	1	7
775	不	1	4
775	同	2	6
775	意	2	13
775	现	2	8
775	时	2	7
775	的	3	8
775	程	3	12
775	序	2	7
775	我	1	7
775	现	2	8
775	在	2	6
775	也	1	3
775	走	2	7
775	出	2	5
775	来	1	7
775	站	3	10
775	在	2	6
775	你	3	7
775	后	2	6
775	面	1	9
775	不	1	4
775	会	3	6
775	离	2	10
775	开	2	4
776	即	2	7
776	使	2	8
776	你	3	7
776	呼	2	8
776	吁	2	6
776	我	1	7
776	离	2	10
776	开	2	4
776	我	1	7
776	亦	4	6
776	不	1	4
776	会	3	6
776	离	2	10
776	开	2	4
777	大	1	3
777	家	2	10
777	是	2	9
777	否	2	7
777	要	2	9
777	一	1	1
777	直	2	8
777	这	2	7
777	样	2	10
777	继	3	10
777	续	4	11
777	下	1	3
777	去	2	5
777	呢	3	8
778	如	2	6
778	果	1	8
778	你	3	7
778	不	1	4
778	影	5	15
778	响	3	9
778	大	1	3
778	家	2	10
778	的	3	8
778	投	3	7
778	票	2	11
778	程	3	12
778	序	2	7
778	我	1	7
778	是	2	9
778	不	1	4
778	会	3	6
778	阻	2	7
778	止	1	4
778	你	3	7
778	的	3	8
779	不	1	4
779	过	2	6
779	在	2	6
779	投	3	7
779	票	2	11
779	前	3	9
779	你	3	7
779	首	1	9
779	先	2	6
779	需	2	14
779	要	2	9
779	确	2	12
779	定	2	8
779	我	1	7
779	梁	2	11
779	颂	3	10
779	恒	4	9
779	和	2	8
779	姚	2	9
779	松	3	8
779	炎	2	8
779	三	1	3
779	位	2	7
779	议	2	5
779	员	2	7
779	的	3	8
779	投	3	7
779	票	2	11
779	权	2	6
780	其	2	8
780	实	2	8
780	我	1	7
780	也	1	3
780	无	1	4
780	权	2	6
780	确	2	12
780	定	2	8
780	你	3	7
780	们	2	5
780	是	2	9
780	否	2	7
780	有	2	6
780	权	2	6
780	投	3	7
780	票	2	11
781	我	1	7
781	只	2	5
781	能	2	10
781	够	4	11
781	接	3	11
781	受	2	8
781	秘	2	10
781	书	1	4
781	给	3	9
781	我	1	7
781	的	3	8
781	名	2	6
781	单	3	8
781	包	2	5
781	括	2	9
781	候	3	10
781	选	3	9
781	人	1	2
781	和	2	8
781	有	2	6
781	资	3	10
781	格	3	10
781	投	3	7
781	票	2	11
781	的	3	8
781	议	2	5
781	员	2	7
782	其	2	8
782	实	2	8
782	你	3	7
782	应	3	7
782	该	4	8
782	向	2	6
782	秘	2	10
782	书	1	4
782	处	2	5
782	提	3	12
782	出	2	5
782	而	1	6
782	不	1	4
782	是	2	9
782	向	2	6
782	我	1	7
782	提	3	12
782	出	2	5
782	因	2	6
782	为	1	4
782	我	1	7
782	无	1	4
782	权	2	6
782	代	2	5
782	表	2	8
782	秘	2	10
782	书	1	4
782	处	2	5
782	说	3	9
782	话	2	8
783	如	2	6
783	果	1	8
783	你	3	7
783	要	2	9
783	提	3	12
783	出	2	5
783	可	2	5
783	以	2	4
783	向	2	6
783	秘	2	10
783	书	1	4
783	处	2	5
783	提	3	12
783	出	2	5
784	第	3	11
784	二	1	2
784	位	2	7
784	想	3	13
784	提	3	12
784	出	2	5
784	规	2	8
784	程	3	12
784	问	2	6
784	题	3	15
784	的	3	8
784	议	2	5
784	员	2	7
784	是	2	9
784	许	3	6
784	智	3	12
784	峯	0	0
784	议	2	5
784	员	2	7
785	主	2	5
785	席	2	10
785	我	1	7
785	想	3	13
785	你	3	7
785	清	2	11
785	醒	3	16
785	地	2	6
785	想	3	13
785	想	3	13
785	我	1	7
785	们	2	5
785	今	3	4
785	天	2	4
785	是	2	9
785	否	2	7
786	我	1	7
786	清	2	11
786	醒	3	16
786	与	2	3
786	否	2	7
786	不	1	4
786	是	2	9
786	由	1	5
786	你	3	7
786	判	2	7
786	断	3	11
786	的	3	8
787	我	1	7
787	们	2	5
787	是	2	9
787	否	2	7
787	应	3	7
787	该	4	8
787	继	3	10
787	续	4	11
787	进	2	7
787	行	3	6
787	会	3	6
787	议	2	5
787	并	4	6
787	选	3	9
787	举	3	9
787	主	2	5
787	席	2	10
788	毛	1	4
788	孟	2	8
788	静	3	14
788	议	2	5
788	员	2	7
788	和	2	8
788	多	2	6
788	位	2	7
788	非	1	8
788	建	2	8
788	制	2	8
788	派	2	9
788	议	2	5
788	员	2	7
788	刚	3	6
788	才	1	3
788	说	3	9
788	过	2	6
788	我	1	7
788	们	2	5
788	不	1	4
788	信	2	9
788	纳	2	7
788	梁	2	11
788	君	2	7
788	彦	3	9
788	议	2	5
788	员	2	7
788	已	1	3
788	经	2	8
788	完	3	7
788	全	2	6
788	放	2	8
788	弃	3	7
788	英	2	8
788	籍	5	20
788	或	2	8
788	放	2	8
788	弃	3	7
788	英	2	8
788	国	2	8
788	的	3	8
788	居	3	8
788	留	2	10
788	权	2	6
789	在	2	6
789	这	2	7
789	种	2	9
789	情	2	11
789	况	3	7
789	下	1	3
789	要	2	9
789	我	1	7
789	们	2	5
789	选	3	9
789	举	3	9
789	主	2	5
789	席	2	10
789	并	4	6
789	不	1	4
789	公	2	4
789	道	2	14
790	这	2	7
790	是	2	9
790	第	3	11
790	一	1	1
790	点	3	9
791	第	3	11
791	二	1	2
791	站	3	10
791	在	2	6
791	你	3	7
791	身	1	7
791	后	2	6
791	的	3	8
791	数	3	13
791	位	2	7
791	议	2	5
791	员	2	7
791	刚	3	6
791	才	1	3
791	在	2	6
791	宣	4	9
791	誓	3	14
791	时	2	7
791	遇	3	12
791	到	3	8
791	一	1	1
791	些	3	8
791	障	3	13
791	碍	2	13
792	由	1	5
792	于	1	3
792	负	2	6
792	责	2	8
792	监	2	10
792	誓	3	14
792	的	3	8
792	秘	2	10
792	书	1	4
792	长	1	4
792	没	3	7
792	有	2	6
792	处	2	5
792	理	3	11
792	他	2	5
792	们	2	5
792	的	3	8
792	宣	4	9
792	誓	3	14
793	并	4	6
793	表	2	8
793	示	1	5
793	他	2	5
793	们	2	5
793	在	2	6
793	稍	3	12
793	后	2	6
793	举	3	9
793	行	3	6
793	的	3	8
793	主	2	5
793	席	2	10
793	选	3	9
793	举	3	9
793	中	1	4
793	不	1	4
793	可	2	5
793	以	2	4
793	投	3	7
793	票	2	11
794	但	3	7
794	是	2	9
794	多	2	6
794	位	2	7
794	议	2	5
794	员	2	7
794	认	2	4
794	为	1	4
794	他	2	5
794	们	2	5
794	所	2	8
794	采	2	8
794	用	1	5
794	的	3	8
794	宣	4	9
794	誓	3	14
794	方	1	4
794	式	2	6
794	历	2	4
794	届	2	8
794	立	1	5
794	法	3	8
794	会	3	6
794	议	2	5
794	员	2	7
794	也	1	3
794	曾	3	12
794	采	2	8
794	用	1	5
794	类	2	9
794	似	3	6
794	方	1	4
794	式	2	6
794	却	3	7
794	没	3	7
794	有	2	6
794	问	2	6
794	题	3	15
795	这	2	7
795	证	3	7
795	明	2	8
795	宣	4	9
795	誓	3	14
795	过	2	6
795	程	3	12
795	出	2	5
795	现	2	8
795	问	2	6
795	题	3	15
796	令	3	5
796	数	3	13
796	位	2	7
796	议	2	5
796	员	2	7
796	稍	3	12
796	后	2	6
796	无	1	4
796	法	3	8
796	进	2	7
796	行	3	6
796	投	3	7
796	票	2	11
796	这	2	7
796	个	2	3
796	选	3	9
796	举	3	9
796	便	2	9
796	不	1	4
796	会	3	6
796	是	2	9
796	公	2	4
796	平	1	5
796	及	1	3
796	符	3	11
796	合	2	6
796	程	3	12
796	序	2	7
796	公	2	4
796	义	1	3
796	的	3	8
796	选	3	9
796	举	3	9
797	我	1	7
797	想	3	13
797	请	2	10
797	你	3	7
797	决	2	6
797	定	2	8
797	面	1	9
797	对	2	5
797	那	2	6
797	么	2	3
797	多	2	6
797	程	3	12
797	序	2	7
797	公	2	4
797	义	1	3
797	问	2	6
797	题	3	15
797	应	3	7
797	否	2	7
797	继	3	10
797	续	4	11
797	进	2	7
797	行	3	6
797	会	3	6
797	议	2	5
797	选	3	9
797	出	2	5
797	一	1	1
797	位	2	7
797	没	3	7
797	有	2	6
797	任	3	6
797	何	3	7
797	代	2	5
797	表	2	8
797	性	2	8
797	的	3	8
797	立	1	5
797	法	3	8
797	会	3	6
797	主	2	5
797	席	2	10
798	主	2	5
798	席	2	10
798	你	3	7
798	担	3	8
798	任	3	6
798	代	2	5
798	理	3	11
798	主	2	5
798	席	2	10
798	亦	4	6
798	不	1	4
798	容	2	9
798	易	3	8
799	但	3	7
799	是	2	9
799	我	1	7
799	支	2	4
799	持	3	9
799	你	3	7
799	执	2	14
799	行	3	6
799	议	2	5
799	事	1	8
799	规	2	8
799	则	2	6
799	包	2	5
799	括	2	9
799	维	2	11
799	持	3	9
799	议	2	5
799	会	3	6
799	的	3	8
799	秩	3	10
799	序	2	7
799	确	2	12
799	保	3	9
799	我	1	7
799	们	2	5
799	选	3	9
799	举	3	9
799	主	2	5
799	席	2	10
799	的	3	8
799	程	3	12
799	序	2	7
799	能	2	10
799	够	4	11
799	顺	2	9
799	利	2	7
799	完	3	7
799	成	2	6
800	因	2	6
800	为	1	4
800	这	2	7
800	是	2	9
800	宪	3	9
800	制	2	8
800	工	1	3
800	作	2	7
800	亦	4	6
800	是	2	9
800	全	2	6
800	港	4	12
800	市	2	5
800	民	1	5
800	正	2	5
800	在	2	6
800	看	2	9
800	着	2	11
800	我	1	7
800	们	2	5
800	做	4	11
800	的	3	8
800	事	1	8
800	情	2	11
801	此	2	6
801	外	2	5
801	我	1	7
801	想	3	13
801	请	2	10
801	你	3	7
801	也	1	3
801	了	1	2
801	解	2	13
801	一	1	1
801	下	1	3
801	议	2	5
801	事	1	8
801	规	2	8
801	则	2	6
802	有	2	6
802	议	2	5
802	员	2	7
802	没	3	7
802	有	2	6
802	合	2	6
802	理	3	11
802	理	3	11
802	由	1	5
802	而	1	6
802	在	2	6
802	你	3	7
802	身	1	7
802	后	2	6
802	及	1	3
802	旁	2	10
802	边	2	5
802	站	3	10
802	着	2	11
803	我	1	7
803	恐	4	10
803	怕	2	8
803	这	2	7
803	些	3	8
803	议	2	5
803	员	2	7
803	已	1	3
803	涉	3	10
803	嫌	3	13
803	违	2	7
803	反	2	4
803	议	2	5
803	事	1	8
803	规	2	8
803	则	2	6
804	希	3	7
804	望	3	11
804	你	3	7
804	考	2	6
804	虑	2	10
804	请	2	10
804	这	2	7
804	些	3	8
804	议	2	5
804	员	2	7
804	返	3	7
804	回	2	6
804	座	4	10
804	位	2	7
805	如	2	6
805	果	1	8
805	他	2	5
805	们	2	5
805	经	2	8
805	过	2	6
805	多	2	6
805	次	2	6
805	劝	2	4
805	谕	4	11
805	仍	2	6
805	不	1	4
805	返	3	7
805	回	2	6
805	座	4	10
805	位	2	7
805	我	1	7
805	认	2	4
805	为	1	4
805	你	3	7
805	应	3	7
805	执	2	14
805	行	3	6
805	议	2	5
805	事	1	8
805	规	2	8
805	则	2	6
805	以	2	4
805	维	2	11
805	持	3	9
805	议	2	5
805	会	3	6
805	的	3	8
805	秩	3	10
805	序	2	7
806	这	2	7
806	是	2	9
806	第	3	11
806	一	1	1
806	点	3	9
807	第	3	11
807	二	1	2
807	点	3	9
807	是	2	9
807	关	4	6
807	于	1	3
807	议	2	5
807	员	2	7
807	的	3	8
807	投	3	7
807	票	2	11
807	权	2	6
808	我	1	7
808	同	2	6
808	意	2	13
808	你	3	7
808	的	3	8
808	判	2	7
808	断	3	11
808	便	2	9
808	是	2	9
808	秘	2	10
808	书	1	4
808	长	1	4
808	已	1	3
808	按	3	9
808	照	4	13
808	法	3	8
808	例	3	8
808	依	2	8
808	法	3	8
808	为	1	4
808	我	1	7
808	们	2	5
808	监	2	10
808	誓	3	14
809	我	1	7
809	亦	4	6
809	认	2	4
809	为	1	4
809	有	2	6
809	数	3	13
809	位	2	7
809	议	2	5
809	员	2	7
809	没	3	7
809	有	2	6
809	依	2	8
809	照	4	13
809	誓	3	14
809	词	3	7
809	的	3	8
809	内	1	4
809	容	2	9
809	完	3	7
809	成	2	6
809	宣	4	9
809	誓	3	14
810	因	2	6
810	此	2	6
810	在	2	6
810	选	3	9
810	举	3	9
810	主	2	5
810	席	2	10
810	的	3	8
810	过	2	6
810	程	3	12
810	中	1	4
810	不	1	4
810	能	2	10
810	参	2	8
810	与	2	3
810	表	2	8
810	决	2	6
811	这	2	7
811	情	2	11
811	况	3	7
811	我	1	7
811	相	2	9
811	信	2	9
811	所	2	8
811	有	2	6
811	议	2	5
811	员	2	7
811	都	3	10
811	明	2	8
811	白	1	5
812	由	1	5
812	于	1	3
812	未	1	5
812	能	2	10
812	完	3	7
812	成	2	6
812	宣	4	9
812	誓	3	14
812	因	2	6
812	此	2	6
812	不	1	4
812	能	2	10
812	参	2	8
812	与	2	3
812	选	3	9
812	举	3	9
813	而	1	6
813	秘	2	10
813	书	1	4
813	长	1	4
813	亦	4	6
813	对	2	5
813	所	2	8
813	有	2	6
813	他	2	5
813	怀	2	7
813	疑	2	17
813	未	1	5
813	能	2	10
813	完	3	7
813	成	2	6
813	宣	4	9
813	誓	3	14
813	议	2	5
813	员	2	7
813	给	3	9
813	予	1	4
813	多	2	6
813	一	1	1
813	次	2	6
813	宣	4	9
813	誓	3	14
813	的	3	8
813	机	2	6
813	会	3	6
814	我	1	7
814	认	2	4
814	为	1	4
814	这	2	7
814	做	4	11
814	法	3	8
814	已	1	3
814	经	2	8
814	兼	2	10
814	顾	3	10
814	到	3	8
814	人	1	2
814	情	2	11
814	上	1	3
814	的	3	8
814	考	2	6
814	虑	2	10
815	第	3	11
815	三	1	3
815	点	3	9
815	至	2	6
815	于	1	3
815	大	1	3
815	家	2	10
815	质	3	8
815	疑	2	17
815	梁	2	11
815	君	2	7
815	彦	3	9
815	议	2	5
815	员	2	7
815	的	3	8
815	国	2	8
815	籍	5	20
815	问	2	6
815	题	3	15
815	我	1	7
815	早	2	12
815	已	1	3
815	很	2	9
815	关	4	6
815	心	1	4
815	此	2	6
815	事	1	8
815	并	4	6
815	多	2	6
815	次	2	6
815	请	2	10
815	梁	2	11
815	议	2	5
815	员	2	7
815	澄	5	15
815	清	2	11
815	要	2	9
815	求	1	7
815	他	2	5
815	确	2	12
815	认	2	4
816	而	1	6
816	他	2	5
816	已	1	3
816	多	2	6
816	次	2	6
816	确	2	12
816	定	2	8
816	地	2	6
816	表	2	8
816	示	1	5
816	事	1	8
816	情	2	11
816	已	1	3
816	经	2	8
816	处	2	5
816	理	3	11
816	好	2	6
817	及	1	3
817	后	2	6
817	亦	4	6
817	已	1	3
817	提	3	12
817	供	3	8
817	英	2	8
817	国	2	8
817	领	4	11
817	事	1	8
817	馆	3	11
817	发	3	5
817	出	2	5
817	的	3	8
817	两	1	7
817	封	3	9
817	信	2	9
817	供	3	8
817	大	1	3
817	家	2	10
817	参	2	8
817	阅	3	10
818	当	2	6
818	然	2	12
818	议	2	5
818	员	2	7
818	可	2	5
818	以	2	4
818	要	2	9
818	求	1	7
818	梁	2	11
818	议	2	5
818	员	2	7
818	提	3	12
818	供	3	8
818	一	1	1
818	份	3	6
818	证	3	7
818	书	1	4
819	这	2	7
819	点	3	9
819	我	1	7
819	是	2	9
819	理	3	11
819	解	2	13
819	的	3	8
820	但	3	7
820	我	1	7
820	看	2	9
820	过	2	6
820	那	2	6
820	两	1	7
820	封	3	9
820	信	2	9
820	后	2	6
820	最	3	12
820	低	3	7
820	限	2	8
820	度	2	9
820	认	2	4
820	为	1	4
820	到	3	8
820	此	2	6
820	刻	4	8
820	没	3	7
820	有	2	6
820	其	2	8
820	他	2	5
820	新	3	12
820	证	3	7
820	据	4	11
820	指	3	9
820	梁	2	11
820	议	2	5
820	员	2	7
820	的	3	8
820	英	2	8
820	籍	5	20
820	问	2	6
820	题	3	15
820	并	4	6
820	未	1	5
820	处	2	5
820	理	3	11
821	既	2	9
821	然	2	12
821	已	1	3
821	定	2	8
821	了	1	2
821	今	3	4
821	天	2	4
821	选	3	9
821	举	3	9
821	主	2	5
821	席	2	10
821	我	1	7
821	认	2	4
821	为	1	4
821	我	1	7
821	们	2	5
821	应	3	7
821	按	3	9
821	照	4	13
821	所	2	8
821	订	2	4
821	定	2	8
821	的	3	8
821	时	2	7
821	间	2	7
821	安	2	6
821	排	2	11
821	顺	2	9
821	利	2	7
821	完	3	7
821	成	2	6
821	选	3	9
821	举	3	9
821	主	2	5
821	席	2	10
822	正	2	5
822	如	2	6
822	其	2	8
822	他	2	5
822	选	3	9
822	举	3	9
822	一	1	1
822	样	2	10
822	有	2	6
822	人	1	2
822	可	2	5
822	能	2	10
822	会	3	6
822	质	3	8
822	疑	2	17
822	不	1	4
822	同	2	6
822	候	3	10
822	选	3	9
822	人	1	2
822	的	3	8
822	某	2	9
822	些	3	8
822	声	2	7
822	明	2	8
822	有	2	6
822	误	4	9
823	大	1	3
823	家	2	10
823	日	1	4
823	后	2	6
823	可	2	5
823	以	2	4
823	透	3	10
823	过	2	6
823	不	1	4
823	同	2	6
823	方	1	4
823	式	2	6
823	跟	2	13
823	进	2	7
823	包	2	5
823	括	2	9
823	司	2	5
823	法	3	8
823	覆	4	18
823	核	4	10
823	或	2	8
823	其	2	8
823	他	2	5
823	法	3	8
823	律	2	9
823	程	3	12
823	序	2	7
824	作	2	7
824	为	1	4
824	议	2	5
824	员	2	7
824	我	1	7
824	们	2	5
824	都	3	10
824	很	2	9
824	理	3	11
824	解	2	13
825	我	1	7
825	希	3	7
825	望	3	11
825	梁	2	11
825	耀	5	20
825	忠	2	8
825	议	2	5
825	员	2	7
825	可	2	5
825	以	2	4
825	公	2	4
825	平	1	5
825	公	2	4
825	正	2	5
825	地	2	6
825	主	2	5
825	持	3	9
825	会	3	6
825	议	2	5
825	确	2	12
825	保	3	9
825	我	1	7
825	们	2	5
825	能	2	10
825	够	4	11
825	顺	2	9
825	利	2	7
825	选	3	9
825	出	2	5
825	主	2	5
825	席	2	10
826	主	2	5
826	席	2	10
826	我	1	7
826	留	2	10
826	意	2	13
826	到	3	8
826	有	2	6
826	些	3	8
826	同	2	6
826	事	1	8
826	就	4	12
826	两	1	7
826	位	2	7
826	候	3	10
826	选	3	9
826	人	1	2
826	的	3	8
826	其	2	8
826	中	1	4
826	一	1	1
826	人	1	2
826	的	3	8
826	资	3	10
826	格	3	10
826	提	3	12
826	出	2	5
826	了	1	2
826	意	2	13
826	见	1	4
826	或	2	8
826	质	3	8
826	疑	2	17
827	但	3	7
827	我	1	7
827	相	2	9
827	信	2	9
827	在	2	6
827	这	2	7
827	个	2	3
827	会	3	6
827	议	2	5
827	厅	2	4
827	内	1	4
827	虽	2	9
827	然	2	12
827	不	1	4
827	同	2	6
827	政	3	9
827	治	3	8
827	立	1	5
827	场	2	6
827	的	3	8
827	议	2	5
827	员	2	7
827	对	2	5
827	此	2	6
827	事	1	8
827	抱	3	8
827	持	3	9
827	不	1	4
827	同	2	6
827	的	3	8
827	态	3	8
827	度	2	9
827	但	3	7
827	亦	4	6
827	不	1	4
827	能	2	10
827	因	2	6
827	此	2	6
827	而	1	6
827	阻	2	7
827	碍	2	13
827	今	3	4
827	天	2	4
827	既	2	9
827	定	2	8
827	的	3	8
827	议	2	5
827	程	3	12
828	由	1	5
828	我	1	7
828	们	2	5
828	完	3	7
828	成	2	6
828	宣	4	9
828	誓	3	14
828	至	2	6
828	今	3	4
828	我	1	7
828	相	2	9
828	信	2	9
828	已	1	3
828	浪	3	10
828	费	2	9
828	了	1	2
828	两	1	7
828	小	1	3
828	时	2	7
829	而	1	6
829	阁	3	9
829	下	1	3
829	的	3	8
829	工	1	3
829	作	2	7
829	亦	4	6
829	只	2	5
829	是	2	9
829	主	2	5
829	持	3	9
829	今	3	4
829	天	2	4
829	这	2	7
829	项	2	9
829	主	2	5
829	席	2	10
829	选	3	9
829	举	3	9
829	所	2	8
829	以	2	4
829	我	1	7
829	希	3	7
829	望	3	11
829	你	3	7
829	不	1	4
829	要	2	9
829	再	2	6
829	浪	3	10
829	费	2	9
829	时	2	7
829	间	2	7
829	直	2	8
829	接	3	11
829	进	2	7
829	入	1	2
829	立	1	5
829	法	3	8
829	会	3	6
829	主	2	5
829	席	2	10
829	选	3	9
829	举	3	9
829	的	3	8
829	程	3	12
829	序	2	7
830	谢	3	12
830	谢	3	12
831	主	2	5
831	席	2	10
831	毛	1	4
831	孟	2	8
831	静	3	14
831	议	2	5
831	员	2	7
831	刚	3	6
831	才	1	3
831	提	3	12
831	到	3	8
831	一	1	1
831	个	2	3
831	观	2	6
831	点	3	9
831	就	4	12
831	是	2	9
831	按	3	9
831	照	4	13
831	最	3	12
831	严	1	7
831	谨	3	13
831	最	3	12
831	谨	3	13
831	慎	4	13
831	合	2	6
831	理	3	11
831	的	3	8
831	做	4	11
831	法	3	8
832	在	2	6
832	我	1	7
832	们	2	5
832	看	2	9
832	到	3	8
832	正	2	5
832	式	2	6
832	文	1	4
832	件	2	6
832	前	3	9
832	实	2	8
832	难	2	10
832	以	2	4
832	单	3	8
832	凭	4	8
832	一	1	1
832	封	3	9
832	电	1	5
832	邮	2	7
832	或	2	8
832	相	2	9
832	关	4	6
832	文	1	4
832	件	2	6
832	的	3	8
832	副	3	11
832	本	1	5
832	予	1	4
832	以	2	4
832	确	2	12
832	认	2	4
832	即	2	7
832	使	2	8
832	我	1	7
832	们	2	5
832	相	2	9
832	信	2	9
832	他	2	5
833	我	1	7
833	认	2	4
833	为	1	4
833	今	3	4
833	次	2	6
833	选	3	9
833	举	3	9
833	主	2	5
833	席	2	10
833	后	2	6
833	果	1	8
833	十	1	2
833	分	2	4
833	重	1	9
833	大	1	3
833	足	2	7
833	以	2	4
833	带	3	9
833	来	1	7
833	宪	3	9
833	制	2	8
833	危	3	6
833	机	2	6
834	我	1	7
834	们	2	5
834	是	2	9
834	否	2	7
834	必	1	5
834	须	2	9
834	如	2	6
834	此	2	6
834	草	3	19
834	率	1	11
834	仓	2	4
834	促	3	9
834	地	2	6
834	处	2	5
834	理	3	11
835	另	2	5
835	一	1	1
835	点	3	9
835	刚	3	6
835	才	1	3
835	也	1	3
835	有	2	6
835	同	2	6
835	事	1	8
835	提	3	12
835	到	3	8
835	就	4	12
835	英	2	8
835	国	2	8
835	国	2	8
835	籍	5	20
835	法	3	8
835	所	2	8
835	订	2	4
835	有	2	6
835	关	4	6
835	取	2	8
835	消	3	10
835	国	2	8
835	籍	5	20
835	和	2	8
835	居	3	8
835	留	2	10
835	权	2	6
835	的	3	8
835	问	2	6
835	题	3	15
835	上	1	3
835	我	1	7
835	认	2	4
835	为	1	4
835	当	2	6
835	中	1	4
835	仍	2	6
835	有	2	6
835	争	2	6
835	议	2	5
836	而	1	6
836	我	1	7
836	们	2	5
836	似	3	6
836	乎	1	6
836	未	1	5
836	有	2	6
836	充	3	6
836	分	2	4
836	谘	4	11
836	询	3	8
836	法	3	8
836	律	2	9
836	意	2	13
836	见	1	4
837	在	2	6
837	此	2	6
837	情	2	11
837	况	3	7
837	下	1	3
837	就	4	12
837	基	3	11
837	本	1	5
837	法	3	8
837	第	3	11
837	七	1	2
837	十	1	2
837	一	1	1
837	条	2	7
837	所	2	8
837	指	3	9
837	的	3	8
837	外	2	5
837	国	2	8
837	居	3	8
837	留	2	10
837	权	2	6
837	问	2	6
837	题	3	15
837	我	1	7
837	认	2	4
837	为	1	4
837	在	2	6
837	未	1	5
837	澄	5	15
837	清	2	11
837	之	1	3
837	前	3	9
837	是	2	9
837	否	2	7
837	必	1	5
837	须	2	9
837	在	2	6
837	这	2	7
837	一	1	1
837	刻	4	8
837	选	3	9
837	举	3	9
837	立	1	5
837	法	3	8
837	会	3	6
837	主	2	5
837	席	2	10
838	刚	3	6
838	才	1	3
838	提	3	12
838	到	3	8
838	规	2	8
838	程	3	12
838	问	2	6
838	题	3	15
839	你	3	7
839	说	3	9
839	你	3	7
839	的	3	8
839	责	2	8
839	任	3	6
839	是	2	9
839	主	2	5
839	持	3	9
839	会	3	6
839	议	2	5
839	以	2	4
839	及	1	3
839	在	2	6
839	得	2	11
839	出	2	5
839	结	3	9
839	果	1	8
839	后	2	6
839	作	2	7
839	出	2	5
839	宣	4	9
839	布	2	5
840	其	2	8
840	实	2	8
840	有	2	6
840	一	1	1
840	件	2	6
840	事	1	8
840	情	2	11
840	是	2	9
840	否	2	7
840	也	1	3
840	属	2	12
840	于	1	3
840	你	3	7
840	的	3	8
840	权	2	6
840	力	1	2
840	范	3	8
840	围	2	7
840	就	4	12
840	是	2	9
840	中	1	4
840	止	1	4
840	整	4	16
840	个	2	3
840	会	3	6
840	议	2	5
841	面	1	9
841	对	2	5
841	这	2	7
841	些	3	8
841	法	3	8
841	律	2	9
841	观	2	6
841	点	3	9
841	或	2	8
841	风	1	4
841	险	4	9
841	你	3	7
841	认	2	4
841	为	1	4
841	今	3	4
841	天	2	4
841	是	2	9
841	否	2	7
841	不	1	4
841	适	2	9
841	宜	2	8
841	就	4	12
841	选	3	9
841	举	3	9
841	立	1	5
841	法	3	8
841	会	3	6
841	主	2	5
841	席	2	10
841	作	2	7
841	出	2	5
841	决	2	6
841	定	2	8
842	多	2	6
842	谢	3	12
842	主	2	5
842	席	2	10
843	我	1	7
843	是	2	9
843	第	3	11
843	一	1	1
843	次	2	6
843	参	2	8
843	与	2	3
843	立	1	5
843	法	3	8
843	会	3	6
843	会	3	6
843	议	2	5
844	正	2	5
844	如	2	6
844	李	2	7
844	慧	4	15
844	琼	4	12
844	议	2	5
844	员	2	7
844	所	2	8
844	言	1	7
844	很	2	9
844	多	2	6
844	香	2	9
844	港	4	12
844	人	1	2
844	正	2	5
844	在	2	6
844	观	2	6
844	看	2	9
844	和	2	8
844	关	4	6
844	注	3	8
844	这	2	7
844	次	2	6
844	会	3	6
844	议	2	5
845	正	2	5
845	因	2	6
845	如	2	6
845	此	2	6
845	我	1	7
845	们	2	5
845	对	2	5
845	自	1	6
845	己	1	3
845	应	3	7
845	有	2	6
845	更	1	7
845	高	4	10
845	的	3	8
845	要	2	9
845	求	1	7
846	刚	3	6
846	才	1	3
846	我	1	7
846	留	2	10
846	意	2	13
846	到	3	8
846	最	3	12
846	大	1	3
846	的	3	8
846	问	2	6
846	题	3	15
846	是	2	9
846	什	2	4
846	么	2	3
847	我	1	7
847	仍	2	6
847	是	2	9
847	一	1	1
847	名	2	6
847	大	1	3
847	学	2	8
847	生	1	5
848	但	3	7
848	这	2	7
848	次	2	6
848	选	3	9
848	举	3	9
848	的	3	8
848	严	1	7
848	谨	3	13
848	程	3	12
848	度	2	9
848	比	1	4
848	大	1	3
848	学	2	8
848	学	2	8
848	生	1	5
848	会	3	6
848	选	3	9
848	举	3	9
848	更	1	7
848	不	1	4
848	如	2	6
849	怎	2	9
849	可	2	5
849	能	2	10
849	在	2	6
849	尚	3	8
849	未	1	5
849	确	2	12
849	定	2	8
849	候	3	10
849	选	3	9
849	人	1	2
849	的	3	8
849	国	2	8
849	籍	5	20
849	便	2	9
849	开	2	4
849	展	2	10
849	整	4	16
849	个	2	3
849	程	3	12
849	式	2	6
850	他	2	5
850	现	2	8
850	在	2	6
850	只	2	5
850	是	2	9
850	口	1	3
850	头	1	5
850	表	2	8
850	示	1	5
851	虽	2	9
851	然	2	12
851	有	2	6
851	人	1	2
851	指	3	9
851	那	2	6
851	些	3	8
851	信	2	9
851	件	2	6
851	可	2	5
851	证	3	7
851	实	2	8
851	其	2	8
851	事	1	8
851	但	3	7
851	都	3	10
851	不	1	4
851	过	2	6
851	是	2	9
851	口	1	3
851	头	1	5
851	上	1	3
851	的	3	8
851	确	2	12
851	认	2	4
852	倘	4	10
852	若	3	8
852	秘	2	10
852	书	1	4
852	处	2	5
852	和	2	8
852	主	2	5
852	席	2	10
852	对	2	5
852	整	4	16
852	个	2	3
852	选	3	9
852	举	3	9
852	负	2	6
852	责	2	8
852	或	2	8
852	觉	2	9
852	得	2	11
852	整	4	16
852	个	2	3
852	立	1	5
852	法	3	8
852	会	3	6
852	要	2	9
852	取	2	8
852	信	2	9
852	于	1	3
852	民	1	5
852	重	1	9
852	新	3	12
852	取	2	8
852	得	2	11
852	市	2	5
852	民	1	5
852	的	3	8
852	信	2	9
852	任	3	6
852	便	2	9
852	更	1	7
852	要	2	9
852	将	3	9
852	每	2	7
852	个	2	3
852	程	3	12
852	式	2	6
852	做	4	11
852	得	2	11
852	更	1	7
852	严	1	7
852	谨	3	13
852	而	1	6
852	非	1	8
852	按	3	9
852	章	2	11
852	工	1	3
852	作	2	7
852	即	2	7
852	秘	2	10
852	书	1	4
852	处	2	5
852	说	3	9
852	不	1	4
852	需	2	14
852	要	2	9
852	查	3	9
852	便	2	9
852	不	1	4
852	查	3	9
853	要	2	9
853	求	1	7
853	提	3	12
853	供	3	8
853	一	1	1
853	份	3	6
853	书	1	4
853	面	1	9
853	和	2	8
853	具	2	8
853	有	2	6
853	法	3	8
853	律	2	9
853	效	3	10
853	力	1	2
853	的	3	8
853	文	1	4
853	件	2	6
853	本	1	5
853	应	3	7
853	很	2	9
853	简	3	13
853	单	3	8
854	即	2	7
854	使	2	8
854	我	1	7
854	参	2	8
854	加	2	5
854	学	2	8
854	生	1	5
854	会	3	6
854	选	3	9
854	举	3	9
854	亦	4	6
854	需	2	14
854	提	3	12
854	供	3	8
854	学	2	8
854	生	1	5
854	证	3	7
854	证	3	7
854	明	2	8
854	我	1	7
854	是	2	9
854	大	1	3
854	学	2	8
854	的	3	8
854	学	2	8
854	生	1	5
855	主	2	5
855	席	2	10
855	如	2	6
855	果	1	8
855	连	2	7
855	如	2	6
855	此	2	6
855	简	3	13
855	单	3	8
855	的	3	8
855	程	3	12
855	序	2	7
855	也	1	3
855	不	1	4
855	能	2	10
855	完	3	7
855	成	2	6
855	整	4	16
855	个	2	3
855	立	1	5
855	法	3	8
855	会	3	6
855	不	1	4
855	可	2	5
855	能	2	10
855	取	2	8
855	信	2	9
855	于	1	3
855	人	1	2
856	这	2	7
856	是	2	9
856	第	3	11
856	一	1	1
856	个	2	3
856	问	2	6
856	题	3	15
857	第	3	11
857	二	1	2
857	个	2	3
857	问	2	6
857	题	3	15
857	我	1	7
857	们	2	5
857	现	2	8
857	在	2	6
857	尚	3	8
857	未	1	5
857	弄	2	7
857	清	2	11
857	楚	3	13
857	多	2	6
857	少	2	4
857	议	2	5
857	员	2	7
857	能	2	10
857	够	4	11
857	投	3	7
857	票	2	11
858	议	2	5
858	事	1	8
858	规	2	8
858	则	2	6
858	最	3	12
858	基	3	11
858	本	1	5
858	的	3	8
858	精	2	14
858	神	2	9
858	是	2	9
858	确	2	12
858	保	3	9
858	每	2	7
858	位	2	7
858	议	2	5
858	员	2	7
858	有	2	6
858	充	3	6
858	足	2	7
858	机	2	6
858	会	3	6
858	完	3	7
858	成	2	6
858	宣	4	9
858	誓	3	14
858	程	3	12
858	序	2	7
859	而	1	6
859	秘	2	10
859	书	1	4
859	长	1	4
859	不	1	4
859	能	2	10
859	基	3	11
859	于	1	3
859	完	3	7
859	全	2	6
859	没	3	7
859	有	2	6
859	法	3	8
859	律	2	9
859	理	3	11
859	据	4	11
859	的	3	8
859	无	1	4
859	理	3	11
859	质	3	8
859	疑	2	17
859	凭	4	8
859	其	2	8
859	个	2	3
859	人	1	2
859	判	2	7
859	断	3	11
859	向	2	6
859	其	2	8
859	他	2	5
859	议	2	5
859	员	2	7
859	表	2	8
859	示	1	5
859	他	2	5
859	没	3	7
859	有	2	6
859	能	2	10
859	力	1	2
859	主	2	5
859	持	3	9
859	监	2	10
859	誓	3	14
860	我	1	7
860	认	2	4
860	为	1	4
860	这	2	7
860	是	2	9
860	完	3	7
860	全	2	6
860	违	2	7
860	反	2	4
860	了	1	2
860	议	2	5
860	事	1	8
860	规	2	8
860	则	2	6
860	应	3	7
860	有	2	6
860	的	3	8
860	精	2	14
860	神	2	9
861	即	2	7
861	让	2	5
861	所	2	8
861	有	2	6
861	议	2	5
861	员	2	7
861	能	2	10
861	够	4	11
861	成	2	6
861	功	2	5
861	完	3	7
861	成	2	6
861	宣	4	9
861	誓	3	14
861	程	3	12
861	式	2	6
861	然	2	12
861	后	2	6
861	才	1	3
861	进	2	7
861	行	3	6
861	立	1	5
861	法	3	8
861	会	3	6
861	主	2	5
861	席	2	10
861	选	3	9
861	举	3	9
862	所	2	8
862	以	2	4
862	秘	2	10
862	书	1	4
862	长	1	4
862	陈	2	7
862	维	2	11
862	安	2	6
862	刚	3	6
862	才	1	3
862	的	3	8
862	决	2	6
862	定	2	8
862	或	2	8
862	判	2	7
862	断	3	11
862	完	3	7
862	全	2	6
862	是	2	9
862	是	2	9
862	完	3	7
862	全	2	6
862	没	3	7
862	有	2	6
862	任	3	6
862	何	3	7
862	基	3	11
862	础	3	10
862	的	3	8
862	判	2	7
862	断	3	11
863	如	2	6
863	果	1	8
863	大	1	3
863	家	2	10
863	翻	3	18
863	看	2	9
863	刚	3	6
863	才	1	3
863	录	2	8
863	影	5	15
863	片	1	4
863	段	3	9
863	其	2	8
863	实	2	8
863	三	1	3
863	位	2	7
863	议	2	5
863	员	2	7
863	已	1	3
863	完	3	7
863	整	4	16
863	读	4	10
863	完	3	7
863	誓	3	14
863	词	3	7
864	而	1	6
864	议	2	5
864	事	1	8
864	规	2	8
864	则	2	6
864	只	2	5
864	规	2	8
864	定	2	8
864	议	2	5
864	员	2	7
864	要	2	9
864	完	3	7
864	整	4	16
864	读	4	10
864	出	2	5
864	誓	3	14
864	词	3	7
865	所	2	8
865	以	2	4
865	秘	2	10
865	书	1	4
865	长	1	4
865	不	1	4
865	能	2	10
865	以	2	4
865	语	3	9
865	气	3	4
865	或	2	8
865	其	2	8
865	他	2	5
865	条	2	7
865	件	2	6
865	为	1	4
865	标	2	9
865	准	2	10
865	判	2	7
865	断	3	11
865	他	2	5
865	无	1	4
865	权	2	6
865	监	2	10
865	誓	3	14
866	我	1	7
866	希	3	7
866	望	3	11
866	主	2	5
866	席	2	10
866	明	2	8
866	白	1	5
866	大	1	3
866	家	2	10
866	面	1	9
866	前	3	9
866	有	2	6
866	两	1	7
866	大	1	3
866	问	2	6
866	题	3	15
867	如	2	6
867	果	1	8
867	我	1	7
867	们	2	5
867	不	1	4
867	先	2	6
867	处	2	5
867	理	3	11
867	这	2	7
867	些	3	8
867	问	2	6
867	题	3	15
867	然	2	12
867	后	2	6
867	才	1	3
867	进	2	7
867	行	3	6
867	主	2	5
867	席	2	10
867	选	3	9
867	举	3	9
867	立	1	5
867	法	3	8
867	会	3	6
867	便	2	9
867	难	2	10
867	以	2	4
867	取	2	8
867	信	2	9
867	于	1	3
867	人	1	2
868	我	1	7
868	相	2	9
868	信	2	9
868	很	2	9
868	多	2	6
868	议	2	5
868	员	2	7
868	包	2	5
868	括	2	9
868	众	3	6
868	多	2	6
868	有	2	6
868	广	1	3
868	大	1	3
868	民	1	5
868	意	2	13
868	基	3	11
868	础	3	10
868	支	2	4
868	持	3	9
868	的	3	8
868	直	2	8
868	选	3	9
868	议	2	5
868	员	2	7
868	都	3	10
868	不	1	4
868	能	2	10
868	信	2	9
868	纳	2	7
868	这	2	7
868	次	2	6
868	选	3	9
868	举	3	9
868	结	3	9
868	果	1	8
869	主	2	5
869	席	2	10
869	今	3	4
869	天	2	4
869	我	1	7
869	们	2	5
869	向	2	6
869	香	2	9
869	港	4	12
869	人	1	2
869	展	2	10
869	示	1	5
869	一	1	1
869	个	2	3
869	粗	2	11
869	疏	2	12
869	得	2	11
869	不	1	4
869	能	2	10
869	再	2	6
869	粗	2	11
869	疏	2	12
869	的	3	8
869	程	3	12
869	序	2	7
870	梁	2	11
870	君	2	7
870	彦	3	9
870	议	2	5
870	员	2	7
870	连	2	7
870	正	2	5
870	本	1	5
870	都	3	10
870	拿	3	10
870	不	1	4
870	出	2	5
870	来	1	7
870	证	3	7
870	明	2	8
870	自	1	6
870	己	1	3
870	的	3	8
870	国	2	8
870	籍	5	20
871	只	2	5
871	提	3	12
871	供	3	8
871	一	1	1
871	份	3	6
871	副	3	11
871	本	1	5
871	不	1	4
871	像	3	13
871	副	3	11
871	本	1	5
871	的	3	8
871	文	1	4
871	件	2	6
872	最	3	12
872	糟	3	17
872	糕	3	16
872	的	3	8
872	是	2	9
872	他	2	5
872	连	2	7
872	居	3	8
872	留	2	10
872	权	2	6
872	都	3	10
872	未	1	5
872	能	2	10
872	厘	3	9
872	清	2	11
873	如	2	6
873	果	1	8
873	我	1	7
873	们	2	5
873	今	3	4
873	天	2	4
873	在	2	6
873	一	1	1
873	种	2	9
873	如	2	6
873	此	2	6
873	粗	2	11
873	疏	2	12
873	的	3	8
873	情	2	11
873	况	3	7
873	下	1	3
873	进	2	7
873	入	1	2
873	选	3	9
873	举	3	9
873	立	1	5
873	法	3	8
873	会	3	6
873	的	3	8
873	程	3	12
873	序	2	7
873	主	2	5
873	席	2	10
873	就	4	12
873	是	2	9
873	让	2	5
873	梁	2	11
873	君	2	7
873	彦	3	9
873	议	2	5
873	员	2	7
873	过	2	6
873	了	1	2
873	海	3	10
873	便	2	9
873	是	2	9
873	神	2	9
873	仙	2	5
874	他	2	5
874	当	2	6
874	然	2	12
874	乐	1	5
874	意	2	13
875	我	1	7
875	觉	2	9
875	得	2	11
875	大	1	3
875	家	2	10
875	刚	3	6
875	才	1	3
875	问	2	6
875	的	3	8
875	问	2	6
875	题	3	15
875	都	3	10
875	很	2	9
875	具	2	8
875	体	2	7
876	候	3	10
876	选	3	9
876	人	1	2
876	的	3	8
876	资	3	10
876	格	3	10
876	以	2	4
876	至	2	6
876	哪	3	9
876	些	3	8
876	议	2	5
876	员	2	7
876	合	2	6
876	资	3	10
876	格	3	10
876	投	3	7
876	票	2	11
876	我	1	7
876	们	2	5
876	都	3	10
876	未	1	5
876	能	2	10
876	厘	3	9
876	清	2	11
877	在	2	6
877	如	2	6
877	此	2	6
877	混	3	11
877	乱	2	7
877	粗	2	11
877	疏	2	12
877	的	3	8
877	情	2	11
877	况	3	7
877	下	1	3
877	进	2	7
877	入	1	2
877	选	3	9
877	举	3	9
877	程	3	12
877	序	2	7
877	主	2	5
877	席	2	10
877	我	1	7
877	怕	2	8
877	你	3	7
877	背	3	9
877	负	2	6
877	的	3	8
877	压	3	6
877	力	1	2
877	会	3	6
877	很	2	9
877	大	1	3
878	因	2	6
878	此	2	6
878	我	1	7
878	希	3	7
878	望	3	11
878	主	2	5
878	席	2	10
878	你	3	7
878	能	2	10
878	够	4	11
878	耐	2	9
878	心	1	4
878	聆	4	11
878	听	2	7
878	议	2	5
878	员	2	7
878	的	3	8
878	意	2	13
878	见	1	4
878	然	2	12
878	后	2	6
878	作	2	7
878	出	2	5
878	裁	2	12
878	决	2	6
879	如	2	6
879	果	1	8
879	在	2	6
879	一	1	1
879	种	2	9
879	如	2	6
879	此	2	6
879	不	1	4
879	能	2	10
879	服	2	8
879	众	3	6
879	的	3	8
879	情	2	11
879	况	3	7
879	下	1	3
879	进	2	7
879	行	3	6
879	立	1	5
879	法	3	8
879	会	3	6
879	主	2	5
879	席	2	10
879	选	3	9
879	举	3	9
879	香	2	9
879	港	4	12
879	人	1	2
879	是	2	9
879	会	3	6
879	看	2	9
879	到	3	8
879	的	3	8
880	谢	3	12
880	谢	3	12
880	主	2	5
880	席	2	10
881	主	2	5
881	席	2	10
881	对	2	5
881	于	1	3
881	你	3	7
881	刚	3	6
881	才	1	3
881	所	2	8
881	说	3	9
881	只	2	5
881	有	2	6
881	立	1	5
881	法	3	8
881	会	3	6
881	主	2	5
881	席	2	10
881	才	1	3
881	有	2	6
881	居	3	8
881	留	2	10
881	权	2	6
881	限	2	8
881	制	2	8
881	候	3	10
881	选	3	9
881	人	1	2
881	没	3	7
881	有	2	6
881	我	1	7
881	完	3	7
881	全	2	6
881	不	1	4
881	能	2	10
881	接	3	11
881	受	2	8
882	如	2	6
882	果	1	8
882	我	1	7
882	们	2	5
882	这	2	7
882	一	1	1
882	刻	4	8
882	进	2	7
882	行	3	6
882	投	3	7
882	票	2	11
882	当	2	6
882	选	3	9
882	者	2	8
882	下	1	3
882	一	1	1
882	刻	4	8
882	便	2	9
882	成	2	6
882	为	1	4
882	立	1	5
882	法	3	8
882	会	3	6
882	主	2	5
882	席	2	10
883	因	2	6
883	此	2	6
883	我	1	7
883	们	2	5
883	绝	2	9
883	对	2	5
883	有	2	6
883	义	1	3
883	务	2	5
883	厘	3	9
883	清	2	11
883	他	2	5
883	已	1	3
883	完	3	7
883	成	2	6
883	所	2	8
883	有	2	6
883	放	2	8
883	弃	3	7
883	英	2	8
883	国	2	8
883	居	3	8
883	留	2	10
883	权	2	6
883	的	3	8
883	手	1	4
883	续	4	11
883	并	4	6
883	且	1	5
883	交	2	6
883	出	2	5
883	正	2	5
883	本	1	5
883	以	2	4
883	正	2	5
883	视	2	8
883	听	2	7
884	立	1	5
884	法	3	8
884	会	3	6
884	秘	2	10
884	书	1	4
884	处	2	5
884	亦	4	6
884	有	2	6
884	责	2	8
884	任	3	6
884	维	2	11
884	护	2	7
884	这	2	7
884	个	2	3
884	程	3	12
884	序	2	7
884	正	2	5
884	确	2	12
884	和	2	8
884	完	3	7
884	整	4	16
884	地	2	6
884	进	2	7
884	行	3	6
885	所	2	8
885	以	2	4
885	如	2	6
885	果	1	8
885	梁	2	11
885	君	2	7
885	彦	3	9
885	议	2	5
885	员	2	7
885	仍	2	6
885	然	2	12
885	无	1	4
885	法	3	8
885	交	2	6
885	出	2	5
885	盖	2	11
885	有	2	6
885	正	2	5
885	规	2	8
885	印	2	5
885	章	2	11
885	的	3	8
885	信	2	9
885	件	2	6
885	正	2	5
885	本	1	5
885	他	2	5
885	应	3	7
885	该	4	8
885	不	1	4
885	符	3	11
885	合	2	6
885	参	2	8
885	选	3	9
885	资	3	10
885	格	3	10
886	除	3	9
886	了	1	2
886	设	3	6
886	置	3	13
886	两	1	7
886	个	2	3
886	投	3	7
886	票	2	11
886	箱	3	15
886	分	2	4
886	别	3	7
886	供	3	8
886	投	3	7
886	废	4	8
886	票	2	11
886	和	2	8
886	投	3	7
886	给	3	9
886	涂	3	10
886	谨	3	13
886	申	1	5
886	议	2	5
886	员	2	7
886	我	1	7
886	们	2	5
886	是	2	9
886	否	2	7
886	还	2	7
886	要	2	9
886	为	1	4
886	梁	2	11
886	君	2	7
886	彦	3	9
886	议	2	5
886	员	2	7
886	设	3	6
886	置	3	13
886	投	3	7
886	票	2	11
886	箱	3	15
887	这	2	7
887	相	2	9
887	当	2	6
887	影	5	15
887	响	3	9
887	未	1	5
887	来	1	7
887	立	1	5
887	法	3	8
887	会	3	6
887	任	3	6
887	期	3	12
887	内	1	4
887	会	3	6
887	议	2	5
887	如	2	6
887	何	3	7
887	进	2	7
887	行	3	6
887	跟	2	13
887	全	2	6
887	港	4	12
887	公	2	4
887	众	3	6
887	利	2	7
887	益	2	10
887	也	1	3
887	有	2	6
887	莫	3	10
887	大	1	3
887	关	4	6
887	系	2	7
888	我	1	7
888	认	2	4
888	为	1	4
888	这	2	7
888	一	1	1
888	刻	4	8
888	一	1	1
888	定	2	8
888	要	2	9
888	处	2	5
888	理	3	11
888	这	2	7
888	件	2	6
888	事	1	8
889	如	2	6
889	果	1	8
889	梁	2	11
889	君	2	7
889	彦	3	9
889	议	2	5
889	员	2	7
889	无	1	4
889	法	3	8
889	交	2	6
889	出	2	5
889	文	1	4
889	件	2	6
889	正	2	5
889	本	1	5
889	他	2	5
889	应	3	7
889	该	4	8
889	不	1	4
889	符	3	11
889	合	2	6
889	参	2	8
889	选	3	9
889	资	3	10
889	格	3	10
890	我	1	7
890	刚	3	6
890	才	1	3
890	只	2	5
890	是	2	9
890	依	2	8
890	书	1	4
890	直	2	8
890	说	3	9
890	向	2	6
890	大	1	3
890	家	2	10
890	引	2	4
890	述	3	8
890	基	3	11
890	本	1	5
890	法	3	8
890	的	3	8
890	内	1	4
890	容	2	9
890	并	4	6
890	没	3	7
890	有	2	6
890	加	2	5
890	入	1	2
890	个	2	3
890	人	1	2
890	意	2	13
890	见	1	4
891	由	1	5
891	于	1	3
891	主	2	5
891	席	2	10
891	不	1	4
891	应	3	7
891	加	2	5
891	入	1	2
891	个	2	3
891	人	1	2
891	意	2	13
891	见	1	4
891	况	3	7
891	且	1	5
891	当	2	6
891	中	1	4
891	涉	3	10
891	及	1	3
891	宪	3	9
891	制	2	8
891	和	2	8
891	法	3	8
891	律	2	9
891	的	3	8
891	问	2	6
891	题	3	15
891	我	1	7
891	不	1	4
891	宜	2	8
891	给	3	9
891	予	1	4
891	任	3	6
891	何	3	7
891	意	2	13
891	见	1	4
892	即	2	7
892	使	2	8
892	我	1	7
892	提	3	12
892	出	2	5
892	意	2	13
892	见	1	4
892	也	1	3
892	未	1	5
892	必	1	5
892	是	2	9
892	最	3	12
892	正	2	5
892	确	2	12
892	无	1	4
892	误	4	9
893	只	2	5
893	供	3	8
893	大	1	3
893	家	2	10
893	参	2	8
893	考	2	6
893	而	1	6
893	已	1	3
894	任	3	6
894	何	3	7
894	一	1	1
894	项	2	9
894	选	3	9
894	举	3	9
894	不	1	4
894	论	3	6
894	是	2	9
894	我	1	7
894	以	2	4
894	往	3	8
894	参	2	8
894	加	2	5
894	过	2	6
894	的	3	8
894	学	2	8
894	生	1	5
894	会	3	6
894	选	3	9
894	举	3	9
894	以	2	4
894	至	2	6
894	今	3	4
894	天	2	4
894	立	1	5
894	法	3	8
894	会	3	6
894	主	2	5
894	席	2	10
894	的	3	8
894	选	3	9
894	举	3	9
895	主	2	5
895	席	2	10
895	如	2	6
895	果	1	8
895	这	2	7
895	是	2	9
895	正	2	5
895	式	2	6
895	会	3	6
895	议	2	5
895	梁	2	11
895	颂	3	10
895	恒	4	9
895	议	2	5
895	员	2	7
895	没	3	7
895	有	2	6
895	资	3	10
895	格	3	10
895	参	2	8
895	加	2	5
895	这	2	7
895	个	2	3
895	会	3	6
895	议	2	5
896	主	2	5
896	席	2	10
896	那	2	6
896	么	2	3
896	我	1	7
896	修	3	9
896	正	2	5
896	我	1	7
896	第	3	11
896	一	1	1
896	个	2	3
896	问	2	6
896	题	3	15
897	我	1	7
897	想	3	13
897	问	2	6
897	我	1	7
897	现	2	8
897	在	2	6
897	究	3	7
897	竟	2	11
897	有	2	6
897	没	3	7
897	有	2	6
897	权	2	6
897	参	2	8
897	加	2	5
897	这	2	7
897	个	2	3
897	会	3	6
897	议	2	5
898	主	2	5
898	席	2	10
898	根	2	10
898	据	4	11
898	议	2	5
898	事	1	8
898	规	2	8
898	则	2	6
898	和	2	8
898	相	2	9
898	关	4	6
898	法	3	8
898	例	3	8
898	任	3	6
898	何	3	7
898	未	1	5
898	宣	4	9
898	誓	3	14
898	的	3	8
898	议	2	5
898	员	2	7
898	不	1	4
898	能	2	10
898	参	2	8
898	加	2	5
898	正	2	5
898	式	2	6
898	会	3	6
898	议	2	5
898	和	2	8
898	发	3	5
898	言	1	7
899	主	2	5
899	席	2	10
899	那	2	6
899	么	2	3
899	我	1	7
899	下	1	3
899	一	1	1
899	个	2	3
899	问	2	6
899	题	3	15
899	来	1	7
899	了	1	2
900	议	2	5
900	事	1	8
900	规	2	8
900	则	2	6
900	第	3	11
900	十	1	2
900	二	1	2
900	条	2	7
900	每	2	7
900	届	2	8
900	任	3	6
900	期	3	12
900	的	3	8
900	首	1	9
900	次	2	6
900	会	3	6
900	议	2	5
900	订	2	4
900	明	2	8
901	一	1	1
901	在	2	6
901	立	1	5
901	法	3	8
901	会	3	6
901	每	2	7
901	届	2	8
901	任	3	6
901	期	3	12
901	首	1	9
901	次	2	6
901	会	3	6
901	议	2	5
901	上	1	3
901	议	2	5
901	员	2	7
901	须	2	9
901	按	3	9
901	照	4	13
901	本	1	5
901	议	2	5
901	事	1	8
901	规	2	8
901	则	2	6
901	第	3	11
901	一	1	1
901	条	2	7
901	宗	2	8
901	教	3	11
901	式	2	6
901	或	2	8
901	非	1	8
901	宗	2	8
901	教	3	11
901	式	2	6
901	宣	4	9
901	誓	3	14
901	的	3	8
901	规	2	8
901	定	2	8
901	作	2	7
901	宗	2	8
901	教	3	11
901	式	2	6
901	或	2	8
901	非	1	8
901	宗	2	8
901	教	3	11
901	式	2	6
901	宣	4	9
901	誓	3	14
902	二	1	2
902	在	2	6
902	所	2	8
902	有	2	6
902	出	2	5
902	席	2	10
902	会	3	6
902	议	2	5
902	的	3	8
902	议	2	5
902	员	2	7
902	包	2	5
902	括	2	9
902	我	1	7
902	作	2	7
902	宗	2	8
902	教	3	11
902	式	2	6
902	或	2	8
902	非	1	8
902	宗	2	8
902	教	3	11
902	式	2	6
902	宣	4	9
902	誓	3	14
902	后	2	6
902	须	2	9
902	按	3	9
902	照	4	13
902	本	1	5
902	议	2	5
902	事	1	8
902	规	2	8
902	则	2	6
902	第	3	11
902	四	1	5
902	条	2	7
902	立	1	5
902	法	3	8
902	会	3	6
902	主	2	5
902	席	2	10
902	的	3	8
902	选	3	9
902	举	3	9
902	规	2	8
902	定	2	8
902	的	3	8
902	程	3	12
902	序	2	7
902	进	2	7
902	行	3	6
902	立	1	5
902	法	3	8
902	会	3	6
902	主	2	5
902	席	2	10
902	的	3	8
902	选	3	9
902	举	3	9
903	主	2	5
903	席	2	10
903	这	2	7
903	里	2	7
903	涉	3	10
903	及	1	3
903	先	2	6
903	后	2	6
903	次	2	6
903	序	2	7
903	的	3	8
903	问	2	6
903	题	3	15
904	我	1	7
904	们	2	5
904	尚	3	8
904	未	1	5
904	完	3	7
904	成	2	6
904	第	3	11
904	一	1	1
904	款	2	12
904	的	3	8
904	程	3	12
904	序	2	7
904	即	2	7
904	所	2	8
904	有	2	6
904	出	2	5
904	席	2	10
904	这	2	7
904	次	2	6
904	会	3	6
904	议	2	5
904	的	3	8
904	议	2	5
904	员	2	7
904	进	2	7
904	行	3	6
904	宣	4	9
904	誓	3	14
905	试	3	8
905	问	2	6
905	怎	2	9
905	能	2	10
905	进	2	7
905	入	1	2
905	第	3	11
905	二	1	2
905	款	2	12
905	选	3	9
905	举	3	9
905	立	1	5
905	法	3	8
905	会	3	6
905	主	2	5
905	席	2	10
905	的	3	8
905	程	3	12
905	序	2	7
906	这	2	7
906	是	2	9
906	很	2	9
906	严	1	7
906	重	1	9
906	的	3	8
906	规	2	8
906	程	3	12
906	问	2	6
906	题	3	15
907	既	2	9
907	然	2	12
907	我	1	7
907	已	1	3
907	容	2	9
907	许	3	6
907	其	2	8
907	他	2	5
907	议	2	5
907	员	2	7
907	就	4	12
907	座	4	10
907	便	2	9
907	不	1	4
907	会	3	6
907	作	2	7
907	出	2	5
907	不	1	4
907	容	2	9
907	许	3	6
907	议	2	5
907	员	2	7
907	发	3	5
907	言	1	7
907	的	3	8
907	决	2	6
907	定	2	8
908	我	1	7
908	会	3	6
908	让	2	5
908	他	2	5
908	发	3	5
908	言	1	7
909	主	2	5
909	席	2	10
909	如	2	6
909	果	1	8
909	你	3	7
909	确	2	12
909	认	2	4
909	这	2	7
909	是	2	9
909	一	1	1
909	个	2	3
909	正	2	5
909	式	2	6
909	会	3	6
909	议	2	5
909	你	3	7
909	这	2	7
909	样	2	10
909	做	4	11
909	严	1	7
909	重	1	9
909	违	2	7
909	反	2	4
909	了	1	2
909	议	2	5
909	事	1	8
909	规	2	8
909	则	2	6
909	第	3	11
909	一	1	1
909	条	2	7
909	的	3	8
909	规	2	8
909	定	2	8
910	我	1	7
910	希	3	7
910	望	3	11
910	你	3	7
910	重	1	9
910	新	3	12
910	考	2	6
910	虑	2	10
911	我	1	7
911	认	2	4
911	为	1	4
911	要	2	9
911	改	2	7
911	选	3	9
911	主	2	5
911	席	2	10
912	我	1	7
912	和	2	8
912	应	3	7
912	谢	3	12
912	伟	2	6
912	俊	4	9
912	议	2	5
912	员	2	7
913	他	2	5
913	不	1	4
913	称	3	10
913	职	3	11
914	要	2	9
914	改	2	7
914	选	3	9
914	主	2	5
914	席	2	10
915	你	3	7
915	可	2	5
915	以	2	4
915	提	3	12
915	出	2	5
915	质	3	8
915	疑	2	17
915	但	3	7
915	我	1	7
915	已	1	3
915	作	2	7
915	了	1	2
915	决	2	6
915	定	2	8
916	在	2	6
916	席	2	10
916	议	2	5
916	员	2	7
916	是	2	9
916	经	2	8
916	过	2	6
916	选	3	9
916	举	3	9
916	确	2	12
916	认	2	4
916	的	3	8
916	议	2	5
916	员	2	7
916	虽	2	9
916	然	2	12
916	他	2	5
916	未	1	5
916	宣	4	9
916	誓	3	14
916	但	3	7
916	我	1	7
916	会	3	6
916	容	2	9
916	许	3	6
916	他	2	5
916	发	3	5
916	言	1	7
917	你	3	7
917	可	2	5
917	以	2	4
917	有	2	6
917	你	3	7
917	的	3	8
917	决	2	6
917	定	2	8
918	但	3	7
918	我	1	7
918	想	3	13
918	知	2	8
918	道	2	14
918	你	3	7
918	的	3	8
918	决	2	6
918	定	2	8
918	是	2	9
918	否	2	7
918	建	2	8
918	基	3	11
918	于	1	3
918	你	3	7
918	认	2	4
918	为	1	4
918	有	2	6
918	关	4	6
918	议	2	5
918	员	2	7
918	是	2	9
918	否	2	7
918	应	3	7
918	该	4	8
918	正	2	5
918	式	2	6
918	宣	4	9
918	誓	3	14
919	如	2	6
919	果	1	8
919	你	3	7
919	认	2	4
919	为	1	4
919	他	2	5
919	的	3	8
919	宣	4	9
919	誓	3	14
919	有	2	6
919	效	3	10
919	而	1	6
919	准	2	10
919	许	3	6
919	他	2	5
919	发	3	5
919	言	1	7
919	你	3	7
919	可	2	5
919	以	2	4
919	此	2	6
919	为	1	4
919	基	3	11
919	础	3	10
919	作	2	7
919	出	2	5
919	决	2	6
919	定	2	8
920	但	3	7
920	如	2	6
920	果	1	8
920	你	3	7
920	同	2	6
920	意	2	13
920	有	2	6
920	关	4	6
920	宣	4	9
920	誓	3	14
920	不	1	4
920	合	2	6
920	理	3	11
920	和	2	8
920	不	1	4
920	合	2	6
920	法	3	8
920	你	3	7
920	这	2	7
920	样	2	10
920	做	4	11
920	便	2	9
920	严	1	7
920	重	1	9
920	违	2	7
920	反	2	4
920	了	1	2
920	议	2	5
920	事	1	8
920	规	2	8
920	则	2	6
920	第	3	11
920	一	1	1
920	条	2	7
921	即	2	7
921	使	2	8
921	任	3	6
921	何	3	7
921	议	2	5
921	员	2	7
921	未	1	5
921	曾	3	12
921	作	2	7
921	最	3	12
921	后	2	6
921	宣	4	9
921	誓	3	14
921	他	2	5
921	仍	2	6
921	具	2	8
921	议	2	5
921	员	2	7
921	的	3	8
921	资	3	10
921	格	3	10
921	这	2	7
921	是	2	9
921	就	4	12
921	其	2	8
921	身	1	7
921	份	3	6
921	而	1	6
921	言	1	7
922	当	2	6
922	然	2	12
922	你	3	7
922	可	2	5
922	以	2	4
922	说	3	9
922	他	2	5
922	尚	3	8
922	未	1	5
922	宣	4	9
922	誓	3	14
922	尚	3	8
922	未	1	5
922	是	2	9
922	议	2	5
922	员	2	7
923	但	3	7
923	问	2	6
923	题	3	15
923	是	2	9
923	你	3	7
923	刚	3	6
923	才	1	3
923	尚	3	8
923	未	1	5
923	宣	4	9
923	誓	3	14
923	我	1	7
923	已	1	3
923	容	2	9
923	许	3	6
923	你	3	7
923	就	4	12
923	座	4	10
924	你	3	7
924	又	1	2
924	如	2	6
924	何	3	7
924	解	2	13
924	释	2	12
924	呢	3	8
925	主	2	5
925	席	2	10
925	当	2	6
925	你	3	7
925	宣	4	9
925	布	2	5
925	进	2	7
925	入	1	2
925	选	3	9
925	举	3	9
925	主	2	5
925	席	2	10
925	的	3	8
925	第	3	11
925	二	1	2
925	阶	3	6
925	段	3	9
925	便	2	9
925	已	1	3
925	确	2	12
925	认	2	4
925	完	3	7
925	成	2	6
925	了	1	2
925	第	3	11
925	一	1	1
925	阶	3	6
925	段	3	9
925	的	3	8
925	宣	4	9
925	誓	3	14
925	仪	2	5
925	式	2	6
926	所	2	8
926	以	2	4
926	你	3	7
926	不	1	4
926	要	2	9
926	搞	5	13
926	错	4	13
926	这	2	7
926	个	2	3
926	逻	3	11
926	辑	3	13
927	你	3	7
927	说	3	9
927	得	2	11
927	对	2	5
928	不	1	4
928	过	2	6
928	问	2	6
928	题	3	15
928	在	2	6
928	于	1	3
928	尚	3	8
928	未	1	5
928	有	2	6
928	人	1	2
928	取	2	8
928	消	3	10
928	他	2	5
928	的	3	8
928	资	3	10
928	格	3	10
928	他	2	5
928	是	2	9
928	未	1	5
928	宣	4	9
928	誓	3	14
929	你	3	7
929	先	2	6
929	前	3	9
929	在	2	6
929	会	3	6
929	议	2	5
929	上	1	3
929	就	4	12
929	座	4	10
929	没	3	7
929	有	2	6
929	人	1	2
929	取	2	8
929	消	3	10
929	你	3	7
929	的	3	8
929	资	3	10
929	格	3	10
929	所	2	8
929	以	2	4
929	你	3	7
929	有	2	6
929	资	3	10
929	格	3	10
929	宣	4	9
929	誓	3	14
930	我	1	7
930	是	2	9
930	指	3	9
930	他	2	5
930	发	3	5
930	言	1	7
930	主	2	5
930	席	2	10
931	不	1	4
931	是	2	9
931	取	2	8
931	消	3	10
931	资	3	10
931	格	3	10
932	这	2	7
932	是	2	9
932	下	1	3
932	一	1	1
932	步	2	7
932	会	3	6
932	处	2	5
932	理	3	11
932	的	3	8
932	问	2	6
932	题	3	15
933	我	1	7
933	只	2	5
933	是	2	9
933	提	3	12
933	出	2	5
933	议	2	5
933	员	2	7
933	要	2	9
933	完	3	7
933	成	2	6
933	第	3	11
933	一	1	1
933	阶	3	6
933	段	3	9
933	的	3	8
933	宣	4	9
933	誓	3	14
933	才	1	3
933	有	2	6
933	资	3	10
933	格	3	10
933	进	2	7
933	入	1	2
933	第	3	11
933	二	1	2
933	阶	3	6
933	段	3	9
933	参	2	8
933	与	2	3
933	会	3	6
933	议	2	5
934	你	3	7
934	可	2	5
934	以	2	4
934	质	3	8
934	疑	2	17
934	我	1	7
934	的	3	8
934	做	4	11
934	法	3	8
935	但	3	7
935	我	1	7
935	认	2	4
935	为	1	4
935	按	3	9
935	照	4	13
935	刚	3	6
935	才	1	3
935	的	3	8
935	程	3	12
935	序	2	7
935	你	3	7
935	们	2	5
935	尚	3	8
935	未	1	5
935	宣	4	9
935	誓	3	14
935	已	1	3
935	有	2	6
935	资	3	10
935	格	3	10
935	在	2	6
935	会	3	6
935	议	2	5
935	厅	2	4
935	就	4	12
935	座	4	10
935	我	1	7
935	是	2	9
935	基	3	11
935	于	1	3
935	这	2	7
935	个	2	3
935	理	3	11
935	念	4	8
935	作	2	7
935	出	2	5
935	决	2	6
935	定	2	8
936	你	3	7
936	问	2	6
936	我	1	7
936	理	3	11
936	据	4	11
936	是	2	9
936	什	2	4
936	么	2	3
936	我	1	7
936	已	1	3
936	向	2	6
936	你	3	7
936	作	2	7
936	出	2	5
936	解	2	13
936	释	2	12
937	无	1	4
937	论	3	6
937	你	3	7
937	接	3	11
937	受	2	8
937	与	2	3
937	否	2	7
937	又	1	2
937	或	2	8
937	我	1	7
937	的	3	8
937	决	2	6
937	定	2	8
937	是	2	9
937	对	2	5
937	或	2	8
937	错	4	13
938	如	2	6
938	果	1	8
938	你	3	7
938	仍	2	6
938	视	2	8
938	我	1	7
938	为	1	4
938	主	2	5
938	席	2	10
938	并	4	6
938	称	3	10
938	呼	2	8
938	我	1	7
938	为	1	4
938	主	2	5
938	席	2	10
938	你	3	7
938	便	2	9
938	要	2	9
938	接	3	11
938	受	2	8
938	我	1	7
938	的	3	8
938	决	2	6
938	定	2	8
939	除	3	9
939	非	1	8
939	你	3	7
939	不	1	4
939	把	2	7
939	我	1	7
939	当	2	6
939	作	2	7
939	主	2	5
939	席	2	10
939	那	2	6
939	就	4	12
939	不	1	4
939	用	1	5
939	理	3	11
939	会	3	6
939	我	1	7
939	这	2	7
939	决	2	6
939	定	2	8
940	梁	2	11
940	颂	3	10
940	恒	4	9
940	议	2	5
940	员	2	7
940	你	3	7
940	是	2	9
940	否	2	7
940	要	2	9
940	继	3	10
940	续	4	11
940	发	3	5
940	言	1	7
941	主	2	5
941	席	2	10
941	我	1	7
941	明	2	8
941	白	1	5
941	你	3	7
941	不	1	4
941	想	3	13
941	当	2	6
941	丑	1	4
941	人	1	2
941	但	3	7
941	你	3	7
941	不	1	4
941	可	2	5
941	以	2	4
941	违	2	7
941	反	2	4
941	议	2	5
941	事	1	8
941	规	2	8
941	则	2	6
942	议	2	5
942	事	1	8
942	规	2	8
942	则	2	6
942	第	3	11
942	一	1	1
942	条	2	7
942	订	2	4
942	明	2	8
942	议	2	5
942	员	2	7
942	未	1	5
942	宣	4	9
942	誓	3	14
942	便	2	9
942	不	1	4
942	能	2	10
942	参	2	8
942	与	2	3
942	会	3	6
942	议	2	5
943	你	3	7
943	可	2	5
943	以	2	4
943	提	3	12
943	出	2	5
943	质	3	8
943	疑	2	17
943	但	3	7
943	我	1	7
943	刚	3	6
943	才	1	3
943	已	1	3
943	作	2	7
943	出	2	5
943	决	2	6
943	定	2	8
944	你	3	7
944	没	3	7
944	有	2	6
944	权	2	6
944	议	2	5
944	事	1	8
944	规	2	8
944	则	2	6
944	作	2	7
944	出	2	5
944	这	2	7
944	决	2	6
944	定	2	8
945	你	3	7
945	根	2	10
945	本	1	5
945	没	3	7
945	有	2	6
945	作	2	7
945	出	2	5
945	这	2	7
945	决	2	6
945	定	2	8
946	我	1	7
946	已	1	3
946	说	3	9
946	了	1	2
947	我	1	7
947	的	3	8
947	决	2	6
947	定	2	8
947	可	2	5
947	以	2	4
947	是	2	9
947	错	4	13
947	或	2	8
947	对	2	5
948	但	3	7
948	无	1	4
948	论	3	6
948	如	2	6
948	何	3	7
948	我	1	7
948	今	3	4
948	天	2	4
948	不	1	4
948	会	3	6
948	跟	2	13
948	你	3	7
948	争	2	6
948	论	3	6
949	这	2	7
949	是	2	9
949	错	4	13
949	的	3	8
949	决	2	6
949	定	2	8
950	你	3	7
950	是	2	9
950	否	2	7
950	要	2	9
950	作	2	7
950	出	2	5
950	违	2	7
950	反	2	4
950	议	2	5
950	事	1	8
950	规	2	8
950	则	2	6
950	的	3	8
950	决	2	6
950	定	2	8
951	我	1	7
951	已	1	3
951	作	2	7
951	出	2	5
951	决	2	6
951	定	2	8
952	如	2	6
952	果	1	8
952	你	3	7
952	不	1	4
952	同	2	6
952	意	2	13
952	我	1	7
952	的	3	8
952	决	2	6
952	定	2	8
952	可	2	5
952	以	2	4
952	向	2	6
952	法	3	8
952	庭	3	9
952	提	3	12
952	出	2	5
952	质	3	8
952	疑	2	17
953	为	1	4
953	何	3	7
953	你	3	7
953	这	2	7
953	些	3	8
953	话	2	8
953	不	1	4
953	跟	2	13
953	他	2	5
953	们	2	5
953	说	3	9
954	为	1	4
954	何	3	7
954	你	3	7
954	不	1	4
954	叫	2	5
954	他	2	5
954	们	2	5
954	向	2	6
954	法	3	8
954	庭	3	9
954	提	3	12
954	出	2	5
954	要	2	9
954	执	2	14
954	行	3	6
954	你	3	7
954	的	3	8
954	决	2	6
954	定	2	8
955	我	1	7
955	不	1	4
955	是	2	9
955	已	1	3
955	决	2	6
955	定	2	8
955	了	1	2
955	吗	2	6
956	为	1	4
956	何	3	7
956	你	3	7
956	这	2	7
956	些	3	8
956	话	2	8
956	只	2	5
956	对	2	5
956	我	1	7
956	说	3	9
956	却	3	7
956	不	1	4
956	对	2	5
956	你	3	7
956	身	1	7
956	旁	2	10
956	的	3	8
956	人	1	2
956	说	3	9
957	我	1	7
957	已	1	3
957	经	2	8
957	作	2	7
957	出	2	5
957	决	2	6
957	定	2	8
957	让	2	5
957	他	2	5
957	发	3	5
957	言	1	7
958	梁	2	11
958	耀	5	20
958	忠	2	8
958	为	1	4
958	何	3	7
958	要	2	9
958	这	2	7
958	样	2	10
958	呢	3	8
959	你	3	7
959	可	2	5
959	否	2	7
959	保	3	9
959	持	3	9
959	中	1	4
959	立	1	5
959	和	2	8
959	公	2	4
959	正	2	5
959	按	3	9
959	照	4	13
959	议	2	5
959	事	1	8
959	规	2	8
959	则	2	6
959	来	1	7
959	办	1	4
959	事	1	8
960	我	1	7
960	知	2	8
960	道	2	14
960	你	3	7
960	不	1	4
960	会	3	6
960	当	2	6
960	丑	1	4
960	人	1	2
960	也	1	3
960	不	1	4
960	想	3	13
960	为	1	4
960	难	2	10
960	你	3	7
961	你	3	7
961	只	2	5
961	需	2	14
961	按	3	9
961	照	4	13
961	议	2	5
961	事	1	8
961	规	2	8
961	则	2	6
961	便	2	9
961	可	2	5
961	以	2	4
962	根	2	10
962	据	4	11
962	议	2	5
962	事	1	8
962	规	2	8
962	则	2	6
962	我	1	7
962	作	2	7
962	的	3	8
962	决	2	6
962	定	2	8
962	便	2	9
962	是	2	9
962	最	3	12
962	终	3	8
962	决	2	6
962	定	2	8
963	主	2	5
963	席	2	10
963	规	2	8
963	程	3	12
963	问	2	6
963	题	3	15
964	请	2	10
964	大	1	3
964	家	2	10
964	先	2	6
964	坐	3	7
964	下	1	3
965	规	2	8
965	程	3	12
965	问	2	6
965	题	3	15
965	主	2	5
965	席	2	10
965	立	1	5
965	法	3	8
965	会	3	6
965	是	2	9
965	庄	2	6
965	严	1	7
965	的	3	8
965	地	2	6
965	方	1	4
966	希	3	7
966	望	3	11
966	你	3	7
966	请	2	10
966	那	2	6
966	些	3	8
966	在	2	6
966	你	3	7
966	身	1	7
966	旁	2	10
966	的	3	8
966	议	2	5
966	员	2	7
966	返	3	7
966	回	2	6
966	座	4	10
966	位	2	7
967	请	2	10
967	大	1	3
967	家	2	10
967	坐	3	7
967	下	1	3
967	并	4	6
967	保	3	9
967	持	3	9
967	肃	1	8
967	静	3	14
968	梁	2	11
968	美	2	9
968	芬	3	7
968	议	2	5
968	员	2	7
968	我	1	7
968	还	2	7
968	未	1	5
968	批	2	7
968	准	2	10
968	你	3	7
968	发	3	5
968	言	1	7
968	请	2	10
968	坐	3	7
968	下	1	3
969	我	1	7
969	不	1	4
969	是	2	9
969	插	2	12
969	队	2	4
969	发	3	5
969	言	1	7
969	主	2	5
969	席	2	10
970	我	1	7
970	希	3	7
970	望	3	11
970	在	2	6
970	你	3	7
970	身	1	7
970	旁	2	10
970	的	3	8
970	议	2	5
970	员	2	7
970	可	2	5
970	以	2	4
970	返	3	7
970	回	2	6
970	座	4	10
970	位	2	7
970	因	2	6
970	为	1	4
970	我	1	7
970	们	2	5
970	感	4	13
970	到	3	8
970	很	2	9
970	骚	4	12
970	扰	2	7
971	我	1	7
971	们	2	5
971	希	3	7
971	望	3	11
971	主	2	5
971	席	2	10
971	你	3	7
971	一	1	1
971	个	2	3
971	人	1	2
971	主	2	5
971	持	3	9
971	会	3	6
971	议	2	5
972	不	1	4
972	应	3	7
972	有	2	6
972	五	1	4
972	个	2	3
972	人	1	2
972	垂	1	8
972	帘	3	8
972	听	2	7
972	政	3	9
973	你	3	7
973	不	1	4
973	需	2	14
973	要	2	9
973	这	2	7
973	些	3	8
973	人	1	2
973	来	1	7
973	保	3	9
973	护	2	7
973	对	2	5
973	吗	2	6
974	梁	2	11
974	美	2	9
974	芬	3	7
974	教	3	11
974	授	3	11
975	我	1	7
975	们	2	5
975	感	4	13
975	到	3	8
975	非	1	8
975	常	2	11
975	骚	4	12
975	扰	2	7
976	我	1	7
976	希	3	7
976	望	3	11
976	主	2	5
976	席	2	10
976	裁	2	12
976	决	2	6
977	请	2	10
977	这	2	7
977	五	1	4
977	位	2	7
977	议	2	5
977	员	2	7
977	返	3	7
977	回	2	6
977	座	4	10
977	位	2	7
977	因	2	6
977	为	1	4
977	立	1	5
977	法	3	8
977	会	3	6
977	议	2	5
977	事	1	8
977	规	2	8
977	则	2	6
978	刚	3	6
978	才	1	3
978	的	3	8
978	会	3	6
978	议	2	5
978	本	1	5
978	来	1	7
978	进	2	7
978	行	3	6
978	得	2	11
978	很	2	9
978	好	2	6
979	第	3	11
979	四	1	5
979	十	1	2
979	二	1	2
979	条	2	7
979	清	2	11
979	楚	3	13
979	订	2	4
979	明	2	8
980	只	2	5
980	是	2	9
980	你	3	7
980	们	2	5
980	提	3	12
980	出	2	5
980	这	2	7
980	些	3	8
980	问	2	6
980	题	3	15
980	会	3	6
980	议	2	5
980	便	2	9
980	不	1	4
980	能	2	10
980	进	2	7
980	行	3	6
981	主	2	5
981	席	2	10
981	我	1	7
981	希	3	7
981	望	3	11
981	你	3	7
981	要	2	9
981	求	1	7
981	那	2	6
981	五	1	4
981	位	2	7
981	议	2	5
981	员	2	7
981	返	3	7
981	回	2	6
981	座	4	10
981	位	2	7
982	梁	2	11
982	美	2	9
982	芬	3	7
982	议	2	5
982	员	2	7
982	我	1	7
982	还	2	7
982	未	1	5
982	叫	2	5
982	唤	4	10
982	你	3	7
982	发	3	5
982	言	1	7
983	请	2	10
983	你	3	7
983	先	2	6
983	坐	3	7
983	下	1	3
984	下	1	3
984	一	1	1
984	位	2	7
984	是	2	9
984	陈	2	7
984	志	2	7
984	全	2	6
984	议	2	5
984	员	2	7
985	梁	2	11
985	颂	3	10
985	恒	4	9
985	议	2	5
985	员	2	7
985	尚	3	8
985	未	1	5
985	说	3	9
985	完	3	7
986	梁	2	11
986	颂	3	10
986	恒	4	9
986	议	2	5
986	员	2	7
986	你	3	7
986	刚	3	6
986	才	1	3
986	坐	3	7
986	下	1	3
986	来	1	7
987	我	1	7
987	以	2	4
987	为	1	4
987	你	3	7
987	已	1	3
987	发	3	5
987	言	1	7
987	完	3	7
987	毕	2	6
988	请	2	10
988	你	3	7
988	继	3	10
988	续	4	11
989	主	2	5
989	席	2	10
989	我	1	7
989	忘	2	7
989	记	2	5
989	说	3	9
989	到	3	8
989	哪	3	9
989	里	2	7
990	刚	3	6
990	才	1	3
990	较	3	10
990	为	1	4
990	混	3	11
990	乱	2	7
991	其	2	8
991	实	2	8
991	在	2	6
991	选	3	9
991	举	3	9
991	中	1	4
992	请	2	10
992	议	2	5
992	员	2	7
992	坐	3	7
992	下	1	3
993	在	2	6
993	我	1	7
993	叫	2	5
993	唤	4	10
993	议	2	5
993	员	2	7
993	发	3	5
993	言	1	7
993	前	3	9
993	请	2	10
993	先	2	6
993	坐	3	7
993	下	1	3
994	梁	2	11
994	颂	3	10
994	恒	4	9
994	议	2	5
994	员	2	7
994	请	2	10
994	继	3	10
994	续	4	11
994	发	3	5
994	言	1	7
995	在	2	6
995	任	3	6
995	何	3	7
995	选	3	9
995	举	3	9
995	中	1	4
995	最	3	12
995	重	1	9
995	要	2	9
995	的	3	8
995	两	1	7
995	点	3	9
995	就	4	12
995	是	2	9
995	候	3	10
995	选	3	9
995	人	1	2
995	资	3	10
995	格	3	10
995	及	1	3
995	选	3	9
995	民	1	5
995	基	3	11
995	础	3	10
996	现	2	8
996	在	2	6
996	出	2	5
996	现	2	8
996	了	1	2
996	两	1	7
996	个	2	3
996	问	2	6
996	题	3	15
997	第	3	11
997	一	1	1
997	候	3	10
997	选	3	9
997	人	1	2
997	的	3	8
997	资	3	10
997	格	3	10
997	成	2	6
997	疑	2	17
998	刚	3	6
998	才	1	3
998	多	2	6
998	位	2	7
998	议	2	5
998	员	2	7
998	已	1	3
998	说	3	9
998	过	2	6
998	这	2	7
998	点	3	9
998	我	1	7
998	不	1	4
998	详	2	8
998	述	3	8
999	第	3	11
999	二	1	2
999	个	2	3
999	问	2	6
999	题	3	15
999	是	2	9
999	关	4	6
999	于	1	3
999	投	3	7
999	票	2	11
999	人	1	2
999	的	3	8
999	资	3	10
999	格	3	10
999	议	2	5
999	事	1	8
999	规	2	8
999	则	2	6
999	订	2	4
999	明	2	8
999	的	3	8
999	上	1	3
999	一	1	1
999	项	2	9
999	程	3	12
999	序	2	7
999	根	2	10
999	本	1	5
999	未	1	5
999	完	3	7
999	成	2	6
1000	如	2	6
1000	何	3	7
1000	开	2	4
1000	始	3	8
1000	下	1	3
1000	一	1	1
1000	步	2	7
1000	选	3	9
1000	举	3	9
1000	主	2	5
1000	席	2	10
1000	的	3	8
1000	会	3	6
1000	议	2	5
1001	议	2	5
1001	事	1	8
1001	规	2	8
1001	则	2	6
1001	已	1	3
1001	清	2	11
1001	楚	3	13
1001	订	2	4
1001	明	2	8
1001	由	1	5
1001	议	2	5
1001	员	2	7
1001	宣	4	9
1001	誓	3	14
1001	至	2	6
1001	选	3	9
1001	举	3	9
1001	主	2	5
1001	席	2	10
1001	的	3	8
1001	程	3	12
1001	序	2	7
1002	在	2	6
1002	第	3	11
1002	十	1	2
1002	二	1	2
1002	条	2	7
1002	每	2	7
1002	届	2	8
1002	任	3	6
1002	期	3	12
1002	的	3	8
1002	首	1	9
1002	次	2	6
1002	会	3	6
1002	议	2	5
1002	已	1	3
1002	有	2	6
1002	明	2	8
1002	确	2	12
1002	规	2	8
1002	定	2	8
1003	所	2	8
1003	以	2	4
1003	主	2	5
1003	席	2	10
1003	请	2	10
1003	你	3	7
1003	先	2	6
1003	看	2	9
1003	看	2	9
1003	议	2	5
1003	事	1	8
1003	规	2	8
1003	则	2	6
1003	以	2	4
1003	决	2	6
1003	定	2	8
1003	各	2	6
1003	事	1	8
1003	项	2	9
1003	的	3	8
1003	先	2	6
1003	后	2	6
1003	次	2	6
1003	序	2	7
1004	应	3	7
1004	该	4	8
1004	让	2	5
1004	每	2	7
1004	位	2	7
1004	出	2	5
1004	席	2	10
1004	会	3	6
1004	议	2	5
1004	的	3	8
1004	议	2	5
1004	员	2	7
1004	作	2	7
1004	出	2	5
1004	宗	2	8
1004	教	3	11
1004	式	2	6
1004	或	2	8
1004	非	1	8
1004	宗	2	8
1004	教	3	11
1004	式	2	6
1004	宣	4	9
1004	誓	3	14
1004	后	2	6
1004	再	2	6
1004	按	3	9
1004	照	4	13
1004	议	2	5
1004	事	1	8
1004	规	2	8
1004	则	2	6
1004	第	3	11
1004	四	1	5
1004	条	2	7
1004	进	2	7
1004	行	3	6
1004	选	3	9
1004	举	3	9
1004	主	2	5
1004	席	2	10
1004	的	3	8
1004	程	3	12
1004	序	2	7
